KEY_CODE,HTKSYORI,HTKSAKI,GASSAN,T001100001,T001100002,T001100003,T001100004,T001100005,T001100006,T001100007,T001100008,T001100009,T001100010,T001100011,T001100012,T001100013,T001100014,T001100015,T001100016,T001100017,T001100018,T001100019,T001100020,T001100021,T001100022,T001100023,T001100024,T001100025,T001100026,T001100027,T001100028,T001100029,T001100030,T001100031,T001100032,T001100033,T001100034,T001100035,T001100036,T001100037,T001100038,T001100039,T001100040,T001100041,T001100042,T001100043,T001100044,T001100045,T001100046,T001100047,T001100048,T001100049,T001100050
,,,,Å@êlå˚ÅiëçêîÅj,Å@êlå˚ÅiëçêîÅjÅ@íj,Å@êlå˚ÅiëçêîÅjÅ@èó,Å@ÇOÅ`ÇPÇSçŒêlå˚Å@ëçêî,Å@ÇOÅ`ÇPÇSçŒêlå˚Å@íj,Å@ÇOÅ`ÇPÇSçŒêlå˚Å@èó,Å@ÇPÇTçŒà»è„êlå˚Å@ëçêî,Å@ÇPÇTçŒà»è„êlå˚Å@íj,Å@ÇPÇTçŒà»è„êlå˚Å@èó,Å@ÇPÇTÅ`ÇUÇSçŒêlå˚Å@ëçêî,Å@ÇPÇTÅ`ÇUÇSçŒêlå˚Å@íj,Å@ÇPÇTÅ`ÇUÇSçŒêlå˚Å@èó,Å@ÇPÇWçŒà»è„êlå˚Å@ëçêî,Å@ÇPÇWçŒà»è„êlå˚Å@íj,Å@ÇPÇWçŒà»è„êlå˚Å@èó,Å@ÇQÇOçŒà»è„êlå˚Å@ëçêî,Å@ÇQÇOçŒà»è„êlå˚Å@íj,Å@ÇQÇOçŒà»è„êlå˚Å@èó,Å@ÇUÇTçŒà»è„êlå˚Å@ëçêî,Å@ÇUÇTçŒà»è„êlå˚Å@íj,Å@ÇUÇTçŒà»è„êlå˚Å@èó,Å@ÇVÇTçŒà»è„êlå˚Å@ëçêî,Å@ÇVÇTçŒà»è„êlå˚Å@íj,Å@ÇVÇTçŒà»è„êlå˚Å@èó,Å@ÇWÇTçŒà»è„êlå˚Å@ëçêî,Å@ÇWÇTçŒà»è„êlå˚Å@íj,Å@ÇWÇTçŒà»è„êlå˚Å@èó,Å@ÇXÇTçŒà»è„êlå˚Å@ëçêî,Å@ÇXÇTçŒà»è„êlå˚Å@íj,Å@ÇXÇTçŒà»è„êlå˚Å@èó,Å@äOçëêlêlå˚Å@ëçêî,Å@äOçëêlêlå˚Å@íj,Å@äOçëêlêlå˚Å@èó,Å@ê¢ë—ëçêî,Å@àÍî ê¢ë—êî,Å@ÇPêlê¢ë—êîÅ@àÍî ê¢ë—êî,Å@ÇQêlê¢ë—êîÅ@àÍî ê¢ë—êî,Å@ÇRêlê¢ë—êîÅ@àÍî ê¢ë—êî,Å@ÇSêlê¢ë—êîÅ@àÍî ê¢ë—êî,Å@ÇTêlê¢ë—êîÅ@àÍî ê¢ë—êî,Å@ÇUêlê¢ë—êîÅ@àÍî ê¢ë—êî,Å@ÇVêlà»è„ê¢ë—êîÅ@àÍî ê¢ë—êî,Å@êeë∞ÇÃÇ›ÇÃê¢ë—êîÅ@àÍî ê¢ë—êî,Å@äjâ∆ë∞ê¢ë—êîÅ@àÍî ê¢ë—êî,Å@äjâ∆ë∞à»äOÇÃê¢ë—êîÅ@àÍî ê¢ë—êî,Å@ÇUçŒñ¢ñûê¢ë—àıÇÃÇ¢ÇÈê¢ë—êîÅ@àÍî ê¢ë—êî,Å@ÇUÇTçŒà»è„ê¢ë—àıÇÃÇ¢ÇÈê¢ë—êîÅ@àÍî ê¢ë—êî,Å@ê¢ë—éÂÇÃîNóÓÇ™ÇQÇOÅ`ÇQÇXçŒÇÃÇPêlê¢ë—êîÅ@àÍî ê¢ë—êî,Å@çÇóÓíPêgê¢ë—êîÅ@àÍî ê¢ë—êî,Å@çÇóÓïvïwê¢ë—êîÅ@àÍî ê¢ë—êî
52404030,0,,,43,21,22,4,1,3,39,20,19,17,10,7,37,18,19,36,17,19,22,10,12,13,6,7,6,2,4,0,0,0,0,0,0,16,16,2,7,3,2,2,0,0,14,10,4,1,12,0,1,3
52404040,0,,,374,172,202,24,13,11,350,159,191,161,83,78,344,156,188,340,153,187,189,76,113,93,35,58,30,8,22,1,0,1,1,0,1,163,163,41,70,31,11,6,3,1,121,92,29,3,127,1,31,29
52404041,0,,,746,360,386,31,20,11,715,340,375,269,138,131,704,335,369,699,331,368,446,202,244,273,110,163,109,46,63,9,3,6,29,11,18,310,307,109,120,44,18,11,3,2,198,157,41,7,235,12,71,70
52404050,1,,52404060,54,28,26,6,4,2,54,27,27,26,12,14,53,27,26,53,27,26,28,15,13,8,4,4,5,2,3,1,1,0,0,0,0,20,20,2,15,3,1,3,0,0,22,17,5,1,18,0,1,9
52404051,0,,,447,213,234,34,20,14,412,192,220,215,104,111,393,181,212,382,174,208,197,88,109,112,48,64,39,15,24,3,1,2,8,1,7,182,182,47,66,37,13,11,6,2,135,101,34,9,131,0,35,44
52404052,0,,,85,43,42,3,1,2,82,42,40,34,19,15,80,40,40,78,39,39,48,23,25,18,6,12,4,1,3,0,0,0,0,0,0,39,39,11,18,6,2,1,0,1,28,24,4,0,34,0,10,13
52404060,2,52404050,,6,3,3,*,*,*,*,*,*,*,*,*,*,*,*,*,*,*,*,*,*,*,*,*,*,*,*,*,*,*,*,*,*,4,4,*,*,*,*,*,*,*,*,*,*,*,*,*,*,*
52404061,0,,,27,16,11,2,0,2,25,16,9,7,6,1,25,16,9,25,16,9,18,10,8,4,2,2,0,0,0,0,0,0,0,0,0,17,17,10,5,1,1,0,0,0,7,7,0,0,12,0,6,5
52404062,0,,,292,151,141,18,6,12,271,142,129,155,77,78,263,139,124,260,138,122,116,65,51,59,30,29,15,7,8,2,1,1,12,4,8,126,126,42,43,18,12,6,3,2,83,60,23,4,79,9,19,17
52404063,1,,52404064,187,89,98,10,5,5,180,85,95,93,41,52,173,81,92,170,80,90,87,44,43,42,17,25,18,8,10,2,1,1,0,0,0,77,77,15,35,19,6,1,2,1,64,52,12,2,58,0,13,19
52404064,2,52404063,,3,1,2,*,*,*,*,*,*,*,*,*,*,*,*,*,*,*,*,*,*,*,*,*,*,*,*,*,*,*,*,*,*,2,2,*,*,*,*,*,*,*,*,*,*,*,*,*,*,*
52404070,1,,52404080,17,10,7,3,3,0,16,8,8,9,5,4,15,7,8,14,7,7,7,3,4,5,2,3,0,0,0,0,0,0,0,0,0,6,6,1,4,0,1,0,1,0,6,6,0,0,4,0,1,3
52404073,0,,,53,23,30,8,3,5,45,20,25,25,11,14,45,20,25,44,20,24,20,9,11,8,2,6,1,1,0,0,0,0,1,0,1,26,26,11,9,3,2,0,0,1,15,14,1,1,16,0,8,3
52404074,0,,,736,361,375,50,24,26,686,337,349,335,163,172,668,329,339,657,325,332,351,174,177,183,85,98,56,22,34,7,0,7,8,2,6,346,345,133,121,45,29,12,4,1,210,171,39,12,232,2,85,68
52404075,0,,,552,267,285,46,23,23,505,243,262,258,123,135,494,238,256,488,235,253,247,120,127,131,55,76,53,21,32,6,1,5,4,2,2,247,247,87,86,35,20,9,8,2,159,122,37,12,180,1,60,42
52404076,0,,,115,58,57,10,7,3,105,51,54,51,27,24,104,50,54,102,50,52,54,24,30,28,12,16,10,6,4,1,1,0,0,0,0,44,44,10,15,9,5,3,1,1,34,26,8,3,35,0,9,9
52404080,2,52404070,,2,1,1,*,*,*,*,*,*,*,*,*,*,*,*,*,*,*,*,*,*,*,*,*,*,*,*,*,*,*,*,*,*,1,1,*,*,*,*,*,*,*,*,*,*,*,*,*,*,*
52404083,0,,,68,35,33,12,6,6,56,29,27,23,10,13,56,29,27,56,29,27,33,19,14,12,5,7,1,1,0,1,1,0,1,0,1,27,27,5,14,4,1,1,0,2,22,19,3,1,24,0,5,11
52404084,0,,,36,17,19,1,1,0,35,16,19,16,8,8,35,16,19,34,15,19,19,8,11,12,4,8,5,1,4,1,0,1,1,0,1,14,14,3,5,3,1,2,0,0,11,8,3,1,11,0,3,4
52404085,0,,,34,16,18,3,1,2,31,15,16,18,8,10,30,14,16,30,14,16,13,7,6,4,2,2,2,1,1,0,0,0,1,0,1,14,14,5,4,1,2,2,0,0,9,7,2,1,11,0,4,3
52404086,0,,,213,106,107,9,4,5,202,101,101,96,54,42,197,97,100,191,93,98,106,47,59,57,26,31,16,5,11,1,0,1,0,0,0,90,90,21,36,19,9,3,2,0,67,51,16,3,72,0,19,21
52404087,0,,,9,4,5,1,0,1,8,4,4,3,2,1,7,3,4,7,3,4,5,2,3,1,1,0,0,0,0,0,0,0,0,0,0,4,4,2,1,0,0,1,0,0,2,1,1,0,4,0,2,1
52404090,0,,,11,5,6,1,0,1,10,5,5,2,1,1,9,4,5,9,4,5,8,4,4,1,0,1,1,0,1,0,0,0,0,0,0,5,5,1,3,0,1,0,0,0,4,3,1,0,5,0,1,3
52404093,0,,,23,13,10,0,0,0,23,13,10,13,8,5,23,13,10,23,13,10,10,5,5,7,5,2,2,2,0,0,0,0,0,0,0,9,9,0,6,2,0,1,0,0,9,8,1,0,6,0,0,2
52404094,0,,,11,5,6,0,0,0,11,5,6,4,2,2,11,5,6,10,5,5,7,3,4,2,1,1,0,0,0,0,0,0,0,0,0,4,4,0,3,0,0,1,0,0,4,3,1,0,4,0,0,2
52404096,2,52404097,,93,50,43,*,*,*,*,*,*,*,*,*,*,*,*,*,*,*,*,*,*,*,*,*,*,*,*,*,*,*,*,*,*,7,1,*,*,*,*,*,*,*,*,*,*,*,*,*,*,*
52404097,1,,52404096,521,249,272,46,21,25,566,276,290,320,163,157,562,274,288,501,244,257,246,113,133,134,53,81,52,16,36,4,0,4,25,6,19,238,237,95,79,28,19,11,4,2,140,117,23,10,165,4,69,40
52404098,0,,,148,73,75,7,4,3,141,69,72,54,29,25,141,69,72,138,69,69,87,40,47,46,22,24,17,8,9,1,1,0,3,2,1,72,72,29,20,16,5,1,1,0,43,37,6,3,61,0,25,15
52405000,0,,,40,20,20,3,0,3,37,20,17,16,9,7,37,20,17,37,20,17,21,11,10,11,3,8,4,1,3,0,0,0,0,0,0,22,22,11,6,3,2,0,0,0,11,10,1,0,17,0,8,2
52405001,0,,,33,19,14,2,1,1,31,18,13,10,8,2,31,18,13,31,18,13,21,10,11,13,6,7,5,1,4,1,0,1,0,0,0,13,13,2,6,3,1,0,1,0,11,8,3,0,10,0,0,4
52405002,0,,,111,52,59,3,2,1,108,50,58,59,28,31,104,47,57,100,46,54,49,22,27,29,14,15,7,3,4,1,1,0,0,0,0,39,39,4,14,11,6,2,2,0,35,22,13,0,32,0,3,7
52405003,0,,,30,13,17,0,0,0,30,13,17,13,6,7,30,13,17,30,13,17,17,7,10,9,3,6,7,2,5,1,0,1,0,0,0,13,13,4,4,4,0,0,1,0,9,5,4,0,12,0,4,2
52405004,0,,,32,15,17,5,3,2,27,12,15,14,6,8,26,11,15,26,11,15,13,6,7,7,4,3,1,0,1,1,0,1,0,0,0,11,11,1,4,3,2,0,1,0,10,9,1,1,8,0,0,3
52405005,0,,,149,79,70,12,7,5,137,72,65,76,44,32,132,69,63,128,67,61,61,28,33,25,12,13,6,3,3,1,0,1,0,0,0,58,58,12,23,8,9,5,1,0,46,36,10,1,41,0,7,14
52405006,0,,,229,105,124,24,9,15,202,95,107,101,47,54,200,94,106,198,94,104,101,48,53,43,21,22,16,4,12,5,1,4,0,0,0,101,101,34,34,18,5,7,3,0,64,53,11,2,67,0,25,19
52405007,0,,,504,244,260,13,7,6,491,237,254,163,83,80,488,235,253,486,234,252,328,154,174,231,98,133,122,40,82,15,3,12,14,1,13,121,118,47,40,19,7,5,0,0,71,58,13,3,67,16,17,21
52405008,0,,,35,16,19,0,0,0,35,16,19,15,6,9,35,16,19,34,15,19,20,10,10,14,5,9,5,1,4,1,0,1,1,0,1,15,15,5,5,2,1,2,0,0,10,7,3,0,14,0,5,3
52405010,0,,,31,18,13,0,0,0,31,18,13,19,12,7,31,18,13,31,18,13,12,6,6,8,4,4,5,2,3,0,0,0,0,0,0,13,13,3,4,4,2,0,0,0,10,6,4,0,7,0,1,0
52405011,0,,,22,13,9,0,0,0,22,13,9,8,7,1,22,13,9,22,13,9,14,6,8,6,3,3,2,1,1,0,0,0,0,0,0,11,11,2,8,0,1,0,0,0,9,8,1,0,9,0,2,4
52405012,0,,,20,10,10,1,1,0,19,9,10,7,4,3,19,9,10,19,9,10,12,5,7,4,1,3,2,0,2,0,0,0,0,0,0,8,8,1,3,3,1,0,0,0,7,5,2,1,7,0,1,2
52405013,0,,,57,29,28,4,1,3,53,28,25,24,13,11,53,28,25,53,28,25,29,15,14,17,7,10,5,3,2,1,0,1,0,0,0,24,24,6,10,4,2,1,1,0,18,13,5,1,21,0,6,4
52405014,0,,,169,89,80,8,6,2,161,83,78,76,44,32,160,82,78,159,82,77,85,39,46,48,24,24,13,6,7,1,0,1,1,0,1,91,91,39,34,11,6,1,0,0,51,41,10,3,62,0,24,19
52405015,0,,,137,70,67,9,4,5,127,65,62,69,39,30,123,62,61,122,62,60,58,26,32,27,10,17,9,2,7,0,0,0,6,3,3,61,61,20,20,12,6,1,2,0,38,29,9,2,42,0,14,8
52405016,0,,,178,90,88,19,9,10,158,80,78,91,49,42,153,77,76,146,71,75,67,31,36,35,18,17,8,4,4,0,0,0,2,1,1,91,91,39,31,10,8,3,0,0,51,46,5,3,43,10,12,19
52405017,0,,,462,227,235,49,28,21,409,197,212,227,117,110,399,191,208,396,190,206,182,80,102,97,41,56,27,6,21,3,0,3,3,1,2,197,197,62,68,32,18,10,5,2,133,110,23,11,123,7,33,34
52405018,0,,,1271,600,671,119,66,53,1136,528,608,584,280,304,1114,519,595,1093,512,581,552,248,304,324,131,193,118,43,75,8,2,6,37,15,22,609,609,243,205,78,44,28,9,2,361,300,61,30,379,27,123,113
52405020,0,,,37,18,19,3,1,2,34,17,17,11,6,5,34,17,17,34,17,17,23,11,12,15,7,8,4,1,3,1,0,1,0,0,0,15,15,4,4,6,0,0,0,1,11,6,5,0,15,0,4,3
52405021,0,,,49,27,22,5,3,2,44,24,20,16,10,6,44,24,20,44,24,20,28,14,14,17,6,11,9,3,6,1,1,0,0,0,0,23,23,5,12,4,2,0,0,0,18,16,2,1,18,0,4,8
52405022,1,,52405032,36,19,17,2,2,0,39,20,19,19,11,8,39,20,19,38,19,19,20,9,11,16,6,10,7,3,4,0,0,0,1,0,1,16,16,5,6,4,3,0,0,0,13,10,3,1,15,0,5,3
52405023,0,,,15,8,7,1,1,0,14,7,7,2,1,1,14,7,7,14,7,7,12,6,6,3,1,2,0,0,0,0,0,0,0,0,0,7,7,2,4,0,0,1,0,0,5,4,1,0,7,0,2,4
52405024,0,,,18,10,8,2,1,1,16,9,7,10,6,4,15,8,7,14,8,6,6,3,3,3,1,2,1,0,1,0,0,0,0,0,0,10,10,6,1,2,1,0,0,0,4,4,0,0,5,0,4,1
52405025,0,,,20,11,9,3,3,0,17,8,9,11,5,6,17,8,9,17,8,9,6,3,3,4,2,2,0,0,0,0,0,0,1,1,0,11,11,7,2,1,0,0,1,0,4,3,1,1,6,1,6,0
52405026,0,,,550,262,288,63,34,29,479,224,255,305,147,158,461,218,243,447,214,233,174,77,97,80,35,45,20,9,11,2,2,0,3,1,2,227,227,69,75,34,29,13,3,4,158,129,29,15,117,8,32,33
52405027,0,,,881,406,475,105,51,54,720,327,393,523,240,283,705,317,388,668,304,364,197,87,110,105,44,61,34,12,22,3,1,2,31,13,18,480,480,279,87,49,49,12,3,1,198,170,28,26,139,103,40,30
52405028,0,,,1883,876,1007,121,58,63,1682,764,918,964,468,496,1622,728,894,1546,690,856,718,296,422,437,168,269,169,51,118,18,2,16,72,34,38,962,957,511,247,103,57,19,15,5,441,367,74,35,452,109,176,112
52405030,0,,,20,8,12,0,0,0,20,8,12,9,3,6,19,8,11,18,8,10,11,5,6,5,1,4,2,0,2,0,0,0,0,0,0,9,9,4,2,1,1,1,0,0,5,4,1,0,8,0,4,1
52405032,2,52405022,,5,3,2,*,*,*,*,*,*,*,*,*,*,*,*,*,*,*,*,*,*,*,*,*,*,*,*,*,*,*,*,*,*,2,2,*,*,*,*,*,*,*,*,*,*,*,*,*,*,*
52405033,0,,,14,8,6,1,1,0,13,7,6,6,3,3,12,6,6,12,6,6,7,4,3,3,1,2,1,0,1,1,0,1,0,0,0,6,6,2,2,1,0,1,0,0,4,2,2,0,5,0,1,1
52405034,0,,,55,29,26,2,1,1,53,28,25,27,14,13,53,28,25,53,28,25,26,14,12,14,8,6,3,2,1,0,0,0,0,0,0,23,23,5,9,6,2,0,1,0,18,15,3,1,18,0,4,2
52405035,0,,,200,100,100,13,7,6,187,93,94,105,46,59,180,92,88,176,90,86,82,47,35,32,16,16,14,7,7,1,1,0,0,0,0,81,81,20,28,20,8,1,2,2,61,51,10,2,53,0,12,12
52405036,0,,,279,146,133,30,18,12,248,127,121,134,72,62,242,121,121,238,118,120,114,55,59,57,30,27,19,9,10,1,1,0,1,0,1,131,131,46,46,22,12,3,2,0,83,68,15,6,78,2,23,25
52405037,0,,,978,458,520,113,57,56,840,387,453,549,265,284,814,373,441,796,364,432,291,122,169,152,63,89,48,15,33,6,2,4,16,6,10,467,467,195,134,65,54,12,5,2,268,237,31,31,198,54,66,60
52405038,0,,,1632,787,845,203,103,100,1363,644,719,949,466,483,1319,626,693,1291,614,677,414,178,236,236,98,138,69,28,41,3,0,3,23,12,11,864,863,456,202,102,68,23,7,5,398,354,44,64,289,130,107,82
52405039,0,,,191,81,110,17,11,6,169,70,99,111,44,67,166,69,97,158,67,91,58,26,32,37,14,23,9,3,6,1,0,1,2,1,1,113,113,73,17,13,5,5,0,0,37,27,10,6,36,32,14,7
52405040,0,,,89,44,45,10,6,4,79,38,41,42,23,19,77,36,41,76,35,41,37,15,22,23,12,11,10,4,6,0,0,0,0,0,0,34,34,8,13,4,6,0,2,1,26,19,7,3,23,0,4,6
52405041,0,,,98,47,51,5,1,4,93,46,47,47,23,24,92,46,46,90,45,45,46,23,23,26,11,15,9,3,6,0,0,0,1,1,0,42,42,16,10,9,4,0,2,1,26,19,7,0,32,0,12,7
52405042,0,,,124,62,62,9,4,5,115,58,57,61,33,28,111,55,56,108,52,56,54,25,29,28,12,16,8,0,8,0,0,0,0,0,0,48,48,10,20,9,2,4,2,1,38,27,11,2,37,0,8,7
52405043,0,,,151,75,76,12,8,4,138,66,72,57,27,30,135,65,70,134,64,70,81,39,42,35,14,21,14,4,10,1,0,1,1,1,0,69,69,20,28,12,6,3,0,0,49,40,9,4,55,0,16,19
52405044,0,,,205,102,103,28,17,11,177,85,92,101,54,47,171,80,91,169,80,89,76,31,45,41,17,24,15,4,11,3,0,3,0,0,0,75,75,18,23,13,12,4,3,2,57,41,16,8,51,0,13,13
52405045,0,,,607,299,308,90,50,40,517,249,268,327,163,164,493,237,256,490,235,255,190,86,104,70,25,45,21,10,11,5,0,5,10,3,7,231,231,56,73,46,25,21,8,2,172,140,32,23,122,3,24,33
52405046,0,,,611,291,320,75,44,31,529,246,283,331,158,173,518,239,279,504,233,271,198,88,110,90,39,51,24,8,16,0,0,0,5,2,3,283,283,113,88,29,37,11,3,2,166,142,24,15,134,27,43,43
52405047,0,,,1075,517,558,196,110,86,869,401,468,591,286,305,836,380,456,823,374,449,278,115,163,119,46,73,39,8,31,2,0,2,3,1,2,439,439,133,119,77,81,25,4,0,301,263,38,52,192,16,56,53
52405048,0,,,1799,820,979,197,102,95,1577,705,872,922,426,496,1532,684,848,1516,674,842,655,279,376,364,143,221,169,53,116,25,2,23,28,7,21,728,724,300,183,120,69,40,8,4,415,351,64,55,308,126,79,81
52405049,0,,,2358,1026,1332,234,123,111,2005,838,1167,1444,612,832,1964,809,1155,1898,787,1111,561,226,335,323,106,217,148,40,108,22,1,21,55,18,37,1350,1346,878,219,147,69,24,4,5,455,405,50,86,316,398,117,78
52405050,0,,,181,88,93,11,5,6,170,83,87,81,44,37,164,79,85,163,79,84,89,39,50,48,17,31,20,7,13,0,0,0,0,0,0,80,80,31,24,9,9,5,0,2,49,33,16,5,63,0,24,13
52405051,0,,,274,135,139,32,13,19,242,122,120,124,66,58,235,117,118,234,116,118,118,56,62,65,30,35,29,13,16,6,3,3,1,1,0,97,96,24,28,17,13,7,7,0,72,54,18,11,65,1,17,16
52405052,0,,,428,189,239,39,23,16,388,166,222,187,96,91,384,163,221,380,160,220,201,70,131,136,37,99,76,17,59,5,1,4,2,0,2,155,154,47,49,29,14,11,3,1,107,81,26,7,106,2,36,26
52405053,0,,,262,122,140,23,15,8,239,107,132,125,62,63,235,105,130,234,105,129,114,45,69,50,18,32,16,2,14,4,0,4,1,0,1,109,109,36,32,20,13,3,2,3,72,50,22,3,75,2,24,13
52405054,0,,,371,169,202,37,12,25,333,156,177,183,90,93,329,156,173,325,154,171,150,66,84,57,28,29,22,7,15,0,0,0,2,0,2,160,160,51,55,28,16,5,0,5,107,88,19,10,99,0,26,23
52405055,0,,,294,152,142,18,11,7,275,140,135,143,73,70,268,135,133,261,129,132,132,67,65,70,35,35,17,5,12,1,1,0,2,0,2,124,124,30,51,19,16,7,1,0,94,76,18,6,86,0,19,33
52405056,0,,,144,68,76,16,9,7,128,59,69,67,31,36,126,59,67,122,58,64,61,28,33,36,18,18,10,2,8,2,1,1,0,0,0,59,59,17,15,18,4,3,2,0,41,33,8,3,40,0,13,11
52405057,0,,,376,176,200,54,31,23,320,143,177,193,93,100,312,140,172,304,136,168,127,50,77,64,28,36,8,2,6,0,0,0,0,0,0,164,164,49,56,32,16,11,0,0,114,103,11,10,83,11,20,29
52405058,0,,,305,147,158,38,15,23,267,132,135,137,68,69,259,126,133,255,125,130,130,64,66,67,35,32,18,8,10,2,0,2,2,0,2,121,121,25,42,29,17,7,1,0,96,78,18,6,78,4,15,27
52405059,0,,,272,123,149,35,17,18,237,106,131,151,67,84,231,101,130,224,100,124,86,39,47,28,11,17,14,2,12,0,0,0,2,1,1,108,108,19,47,19,16,4,3,0,88,74,14,8,56,6,10,17
52405060,0,,,229,115,114,16,9,7,212,105,107,90,45,45,207,103,104,204,102,102,122,60,62,66,31,35,24,8,16,1,0,1,1,0,1,105,105,36,36,17,11,4,1,0,69,54,15,6,80,0,27,24
52405061,0,,,112,54,58,8,3,5,104,51,53,48,27,21,102,49,53,102,49,53,56,24,32,28,12,16,9,2,7,1,0,1,0,0,0,50,50,11,23,10,5,1,0,0,39,34,5,2,36,0,10,9
52405062,0,,,116,63,53,13,10,3,103,53,50,50,30,20,101,52,49,99,51,48,53,23,30,29,13,16,10,3,7,2,0,2,0,0,0,47,47,14,14,8,6,4,1,0,33,24,9,2,34,0,10,6
52405063,0,,,168,82,86,17,10,7,151,72,79,96,47,49,148,71,77,147,70,77,55,25,30,25,9,16,9,3,6,2,1,1,1,0,1,64,63,12,23,12,13,1,2,0,51,40,11,6,35,0,8,12
52405064,0,,,107,52,55,15,7,8,92,45,47,49,23,26,89,45,44,87,44,43,43,22,21,22,12,10,5,2,3,1,0,1,4,2,2,41,41,9,16,7,3,4,1,1,32,25,7,3,28,0,7,7
52405065,1,,52405074,85,41,44,4,0,4,85,43,42,39,21,18,85,43,42,84,43,41,46,22,24,25,13,12,7,5,2,2,2,0,0,0,0,38,38,11,15,8,6,0,0,0,29,25,4,1,27,0,6,10
52405066,0,,,80,35,45,10,3,7,70,32,38,43,23,20,66,28,38,61,26,35,27,9,18,14,3,11,3,0,3,0,0,0,0,0,0,25,25,5,6,5,3,3,1,2,20,11,9,2,17,0,3,3
52405067,0,,,129,64,65,14,9,5,115,55,60,62,27,35,112,54,58,107,52,55,53,28,25,29,15,14,10,5,5,1,1,0,0,0,0,44,44,7,15,13,2,3,1,3,37,25,12,4,31,0,3,11
52405068,0,,,38,21,17,6,4,2,32,17,15,21,9,12,31,16,15,31,16,15,11,8,3,4,2,2,2,1,1,0,0,0,0,0,0,16,16,4,8,1,1,1,1,0,12,10,2,1,9,0,2,4
52405070,0,,,36,16,20,2,2,0,34,14,20,16,8,8,33,14,19,33,14,19,18,6,12,10,1,9,6,0,6,0,0,0,1,0,1,17,17,7,5,2,2,1,0,0,10,7,3,0,13,0,6,1
52405071,0,,,36,14,22,1,0,1,35,14,21,19,7,12,32,13,19,32,13,19,16,7,9,6,2,4,3,2,1,0,0,0,0,0,0,16,15,2,7,5,1,0,0,0,13,11,2,0,9,0,0,4
52405072,0,,,20,10,10,0,0,0,20,10,10,8,6,2,20,10,10,20,10,10,12,4,8,10,3,7,4,2,2,1,0,1,0,0,0,10,10,3,4,3,0,0,0,0,7,6,1,0,7,0,1,2
52405074,2,52405065,,4,2,2,*,*,*,*,*,*,*,*,*,*,*,*,*,*,*,*,*,*,*,*,*,*,*,*,*,*,*,*,*,*,2,2,*,*,*,*,*,*,*,*,*,*,*,*,*,*,*
52405075,0,,,54,23,31,2,0,2,52,23,29,31,17,14,50,22,28,47,21,26,21,6,15,8,1,7,2,0,2,0,0,0,0,0,0,22,22,8,6,2,2,4,0,0,12,11,1,1,14,0,7,3
52405078,0,,,10,6,4,2,2,0,8,4,4,8,4,4,8,4,4,7,3,4,0,0,0,0,0,0,0,0,0,0,0,0,0,0,0,4,4,1,1,1,1,0,0,0,3,3,0,0,0,0,0,0
52405085,0,,,15,7,8,1,0,1,14,7,7,5,3,2,14,7,7,14,7,7,9,4,5,5,1,4,0,0,0,0,0,0,0,0,0,7,7,1,4,2,0,0,0,0,6,6,0,0,6,0,1,2
52405135,0,,,21,10,11,0,0,0,21,10,11,8,3,5,21,10,11,20,10,10,13,7,6,11,5,6,2,0,2,0,0,0,0,0,0,10,10,6,0,1,3,0,0,0,4,2,2,0,10,0,6,0
52405137,2,52405147,,4,1,3,*,*,*,*,*,*,*,*,*,*,*,*,*,*,*,*,*,*,*,*,*,*,*,*,*,*,*,*,*,*,2,2,*,*,*,*,*,*,*,*,*,*,*,*,*,*,*
52405140,1,,52405150;52405160,939,392,547,73,32,41,791,323,468,583,227,356,780,317,463,741,312,429,208,96,112,103,45,58,36,8,28,6,4,2,27,5,22,566,562,394,91,42,29,10,4,0,173,142,31,21,119,173,35,35
52405141,0,,,900,431,469,66,37,29,832,393,439,415,207,208,805,379,426,799,377,422,417,186,231,231,101,130,88,33,55,7,3,4,9,4,5,397,397,130,139,64,36,17,6,5,266,217,49,18,291,4,87,72
52405142,0,,,1156,547,609,78,37,41,1074,508,566,543,273,270,1052,497,555,1036,488,548,531,235,296,272,114,158,95,33,62,7,1,6,13,1,12,503,503,163,165,97,40,21,12,5,333,251,82,20,367,6,112,84
52405143,0,,,443,229,214,56,30,26,387,199,188,193,103,90,381,195,186,374,193,181,194,96,98,112,53,59,33,15,18,3,1,2,2,0,2,192,191,74,65,25,14,7,2,4,116,90,26,6,133,14,40,36
52405144,0,,,76,40,36,3,1,2,73,39,34,46,26,20,72,39,33,71,39,32,27,13,14,13,7,6,4,3,1,0,0,0,1,0,1,35,35,14,12,3,3,2,0,1,21,16,5,0,19,7,2,7
52405145,0,,,490,234,256,20,13,7,469,220,249,227,112,115,457,212,245,447,210,237,242,108,134,135,49,86,48,17,31,4,2,2,18,5,13,253,253,116,75,38,14,7,2,1,137,106,31,4,175,25,68,35
52405146,0,,,179,89,90,12,6,6,166,82,84,65,39,26,163,80,83,162,80,82,101,43,58,58,22,36,18,4,14,5,1,4,3,1,2,89,89,36,30,13,7,2,1,0,53,45,8,1,63,2,18,20
52405147,1,,52405137,120,59,61,2,1,1,122,59,63,59,31,28,120,58,62,119,57,62,63,28,35,27,10,17,7,3,4,1,0,1,0,0,0,63,63,23,29,9,4,0,0,0,42,38,4,0,48,0,15,15
52405148,1,,52405149,260,122,138,16,9,7,249,116,133,106,52,54,245,114,131,238,111,127,143,64,79,76,29,47,22,9,13,2,0,2,2,0,2,108,108,24,51,15,11,6,2,1,85,67,18,2,96,0,23,32
52405149,2,52405148,,5,3,2,*,*,*,*,*,*,*,*,*,*,*,*,*,*,*,*,*,*,*,*,*,*,*,*,*,*,*,*,*,*,2,2,*,*,*,*,*,*,*,*,*,*,*,*,*,*,*
52405150,2,52405140,,3,0,3,*,*,*,*,*,*,*,*,*,*,*,*,*,*,*,*,*,*,*,*,*,*,*,*,*,*,*,*,*,*,3,3,*,*,*,*,*,*,*,*,*,*,*,*,*,*,*
52405151,0,,,67,30,37,12,5,7,55,25,30,44,22,22,53,23,30,52,22,30,11,3,8,3,0,3,1,0,1,0,0,0,1,0,1,22,22,2,9,3,4,2,2,0,20,15,5,0,9,0,2,1
52405152,0,,,455,228,227,36,18,18,412,204,208,270,143,127,404,198,206,395,195,200,142,61,81,73,29,44,25,5,20,1,0,1,9,6,3,193,193,58,62,35,25,11,1,1,134,109,25,12,100,4,24,22
52405153,0,,,273,137,136,36,20,16,236,116,120,163,85,78,229,114,115,223,110,113,73,31,42,25,7,18,10,3,7,0,0,0,4,1,3,107,107,32,33,15,13,9,3,2,75,58,17,9,53,3,12,11
52405154,2,52405155,,4,1,3,*,*,*,*,*,*,*,*,*,*,*,*,*,*,*,*,*,*,*,*,*,*,*,*,*,*,*,*,*,*,4,4,*,*,*,*,*,*,*,*,*,*,*,*,*,*,*
52405155,1,,52405154,751,350,401,56,28,28,693,320,373,323,154,169,671,310,361,663,305,358,370,166,204,215,81,134,96,26,70,19,2,17,11,5,6,340,339,137,115,45,27,13,4,2,204,161,43,15,235,12,84,60
52405157,0,,,34,19,15,1,1,0,33,18,15,10,6,4,33,18,15,33,18,15,23,12,11,11,5,6,5,3,2,0,0,0,0,0,0,17,17,5,9,2,0,1,0,0,12,12,0,1,15,0,5,7
52405158,0,,,82,41,41,5,3,2,77,38,39,33,17,16,76,38,38,75,37,38,44,21,23,15,8,7,4,2,2,0,0,0,0,0,0,41,41,13,21,1,6,0,0,0,28,27,1,0,29,0,10,15
52405159,0,,,124,60,64,4,2,2,120,58,62,59,30,29,119,57,62,118,57,61,61,28,33,33,14,19,13,7,6,2,1,1,0,0,0,50,50,13,20,6,6,2,2,1,37,28,9,1,39,0,9,12
52405160,2,52405140,,6,3,3,*,*,*,*,*,*,*,*,*,*,*,*,*,*,*,*,*,*,*,*,*,*,*,*,*,*,*,*,*,*,5,5,*,*,*,*,*,*,*,*,*,*,*,*,*,*,*
52405162,0,,,107,36,71,8,7,1,99,29,70,16,6,10,98,29,69,98,29,69,83,23,60,74,19,55,52,9,43,15,2,13,0,0,0,13,12,2,4,3,0,1,0,2,10,4,6,2,10,0,2,1
52405163,0,,,10,6,4,2,2,0,8,4,4,5,3,2,7,3,4,7,3,4,3,1,2,2,1,1,0,0,0,0,0,0,0,0,0,4,4,1,1,1,1,0,0,0,3,3,0,1,2,0,1,1
52405165,0,,,70,36,34,6,2,4,64,34,30,30,16,14,63,33,30,60,32,28,34,18,16,13,7,6,3,1,2,0,0,0,0,0,0,31,31,11,10,4,4,1,1,0,20,19,1,1,22,0,6,8
52405167,0,,,114,55,59,5,4,1,109,51,58,46,22,24,105,48,57,105,48,57,63,29,34,36,18,18,8,4,4,0,0,0,1,1,0,49,49,8,26,9,4,1,1,0,41,35,6,0,39,1,6,19
52405168,0,,,501,250,251,43,23,20,457,226,231,183,85,98,446,220,226,445,219,226,274,141,133,120,69,51,11,8,3,0,0,0,2,0,2,237,237,52,146,16,12,8,1,2,183,173,10,9,165,0,37,109
52405169,0,,,507,228,279,16,7,9,489,219,270,204,102,102,482,214,268,474,211,263,285,117,168,168,67,101,52,20,32,1,0,1,1,0,1,252,252,99,95,32,15,7,2,2,151,123,28,3,196,1,78,54
52405175,1,,52405185,65,32,33,7,4,3,61,31,30,37,18,19,59,29,30,59,29,30,24,13,11,11,7,4,6,3,3,0,0,0,6,0,6,34,34,20,8,4,5,0,0,0,17,16,1,3,15,6,5,7
52405177,0,,,47,26,21,4,1,3,43,25,18,21,12,9,43,25,18,43,25,18,22,13,9,9,6,3,2,2,0,0,0,0,0,0,0,19,19,5,4,8,0,2,0,0,14,12,2,1,14,0,4,3
52405178,0,,,31,16,15,1,0,1,30,16,14,10,6,4,29,15,14,28,15,13,20,10,10,9,4,5,1,0,1,0,0,0,0,0,0,13,13,2,8,2,0,0,0,1,11,9,2,0,11,0,2,7
52405179,0,,,53,23,30,4,0,4,49,23,26,19,9,10,49,23,26,49,23,26,30,14,16,17,7,10,4,2,2,0,0,0,0,0,0,23,23,6,9,4,3,1,0,0,17,11,6,0,18,0,4,7
52405181,2,52405191,,5,3,2,*,*,*,*,*,*,*,*,*,*,*,*,*,*,*,*,*,*,*,*,*,*,*,*,*,*,*,*,*,*,2,2,*,*,*,*,*,*,*,*,*,*,*,*,*,*,*
52405182,2,52405191,,6,5,1,*,*,*,*,*,*,*,*,*,*,*,*,*,*,*,*,*,*,*,*,*,*,*,*,*,*,*,*,*,*,3,3,*,*,*,*,*,*,*,*,*,*,*,*,*,*,*
52405185,2,52405175,,3,3,0,*,*,*,*,*,*,*,*,*,*,*,*,*,*,*,*,*,*,*,*,*,*,*,*,*,*,*,*,*,*,3,3,*,*,*,*,*,*,*,*,*,*,*,*,*,*,*
52405187,0,,,13,7,6,0,0,0,13,7,6,6,4,2,13,7,6,13,7,6,7,3,4,5,2,3,2,1,1,0,0,0,1,0,1,6,6,1,4,0,1,0,0,0,5,4,1,0,5,0,0,1
52405188,0,,,269,104,165,9,4,5,260,100,160,88,47,41,259,100,159,258,100,158,172,53,119,133,32,101,85,20,65,16,1,15,1,0,1,71,68,16,24,12,9,4,2,1,52,40,12,3,54,0,14,13
52405189,0,,,144,78,66,9,6,3,135,72,63,69,39,30,132,69,63,127,65,62,66,33,33,29,13,16,10,4,6,1,0,1,2,2,0,55,55,13,20,9,7,4,0,2,41,31,10,4,45,0,11,13
52405191,1,,52405181;52405182,22,9,13,0,0,0,33,17,16,12,6,6,32,17,15,32,17,15,21,11,10,16,8,8,9,3,6,0,0,0,0,0,0,10,10,3,7,4,1,0,0,0,12,9,3,0,13,0,3,5
52405192,0,,,11,6,5,1,0,1,10,6,4,7,5,2,9,5,4,8,4,4,3,1,2,1,0,1,1,0,1,0,0,0,0,0,0,5,5,3,0,0,2,0,0,0,2,1,1,1,3,0,2,0
52405196,0,,,64,55,9,0,0,0,64,55,9,59,53,6,64,55,9,64,55,9,5,2,3,3,2,1,0,0,0,0,0,0,0,0,0,6,5,3,1,1,0,0,0,0,2,2,0,0,2,0,0,1
52405197,0,,,104,58,46,7,4,3,97,54,43,44,24,20,95,53,42,94,52,42,53,30,23,28,13,15,12,6,6,1,0,1,0,0,0,44,44,14,15,7,5,1,0,2,30,16,14,2,37,0,9,7
52405198,0,,,97,52,45,8,5,3,89,47,42,49,28,21,88,46,42,86,45,41,40,19,21,23,8,15,13,3,10,0,0,0,0,0,0,33,33,9,8,5,4,3,2,2,24,11,13,2,26,0,8,2
52405199,0,,,66,34,32,5,4,1,61,30,31,33,18,15,60,30,30,59,30,29,28,12,16,18,6,12,8,1,7,2,0,2,0,0,0,24,24,4,9,5,2,3,1,0,20,13,7,2,19,0,4,3
52405260,0,,,592,277,315,36,16,20,553,258,295,247,130,117,540,254,286,535,252,283,306,128,178,171,58,113,57,15,42,5,0,5,2,1,1,272,272,94,107,32,21,7,9,2,178,139,39,8,207,1,65,66
52405261,0,,,312,151,161,12,3,9,300,148,152,139,76,63,292,145,147,290,144,146,161,72,89,101,46,55,40,15,25,6,0,6,0,0,0,135,135,40,46,30,10,6,1,2,93,66,27,4,102,1,29,22
52405262,0,,,433,213,220,22,12,10,411,201,210,217,119,98,397,195,202,390,191,199,194,82,112,100,34,66,30,7,23,2,0,2,1,0,1,182,182,47,74,30,16,7,7,1,134,99,35,5,139,1,35,39
52405263,0,,,57,34,23,2,1,1,55,33,22,33,20,13,55,33,22,54,32,22,22,13,9,11,7,4,2,2,0,0,0,0,1,0,1,22,22,3,9,6,2,2,0,0,19,14,5,1,14,0,2,3
52405265,0,,,38,17,21,3,1,2,35,16,19,13,6,7,34,15,19,33,15,18,22,10,12,8,2,6,2,1,1,0,0,0,0,0,0,17,17,5,9,0,1,1,1,0,11,8,3,1,17,0,5,5
52405270,0,,,20,12,8,1,0,1,19,12,7,12,9,3,18,11,7,18,11,7,7,3,4,5,3,2,2,1,1,0,0,0,0,0,0,8,8,3,1,3,0,0,1,0,4,3,1,0,4,0,0,1
52405271,0,,,63,31,32,6,4,2,57,27,30,31,15,16,56,26,30,56,26,30,26,12,14,18,7,11,3,1,2,0,0,0,2,1,1,26,26,9,4,8,3,2,0,0,17,11,6,1,17,0,6,1
52405272,0,,,55,32,23,1,1,0,54,31,23,32,20,12,53,31,22,51,29,22,22,11,11,13,4,9,3,2,1,1,1,0,0,0,0,26,26,10,7,5,4,0,0,0,16,11,5,1,16,4,3,3
52405273,0,,,445,212,233,38,13,25,407,199,208,176,94,82,403,197,206,399,193,206,231,105,126,109,46,63,39,14,25,2,1,1,1,0,1,199,199,71,72,28,11,9,4,4,128,98,30,7,158,3,52,41
52405274,0,,,73,38,35,2,1,1,71,37,34,42,22,20,70,37,33,69,37,32,29,15,14,20,9,11,7,4,3,0,0,0,0,0,0,30,30,6,9,13,0,2,0,0,24,19,5,0,19,0,2,4
52405275,0,,,2293,1146,1147,185,97,88,2073,1021,1052,1104,602,502,2039,1004,1035,1953,953,1000,969,419,550,529,215,314,184,62,122,14,1,13,35,20,15,1158,1156,556,317,140,79,45,13,6,590,470,120,48,670,107,241,160
52405276,0,,,209,99,110,14,6,8,195,93,102,93,49,44,192,91,101,188,89,99,102,44,58,53,18,35,16,4,12,0,0,0,2,1,1,101,101,42,30,20,4,2,1,2,59,43,16,2,71,3,22,13
52405280,0,,,218,114,104,23,15,8,195,99,96,112,62,50,193,97,96,190,97,93,83,37,46,45,18,27,17,5,12,0,0,0,0,0,0,80,80,17,32,9,11,4,4,3,63,46,17,9,55,0,10,17
52405281,0,,,182,79,103,13,3,10,168,75,93,67,28,39,166,75,91,165,74,91,101,47,54,41,19,22,18,8,10,0,0,0,1,1,0,83,83,22,43,6,6,5,0,1,60,49,11,2,66,0,15,31
52405282,0,,,118,55,63,8,2,6,110,53,57,42,19,23,110,53,57,110,53,57,68,34,34,26,13,13,6,2,4,0,0,0,0,0,0,69,69,33,27,5,4,0,0,0,35,33,2,4,47,2,23,18
52405283,0,,,293,147,146,20,10,10,273,137,136,136,75,61,267,134,133,261,128,133,137,62,75,83,33,50,23,8,15,1,0,1,1,0,1,127,127,32,57,19,13,3,1,2,93,73,20,5,99,1,25,30
52405284,0,,,611,354,257,42,30,12,532,292,240,332,207,125,529,290,239,484,260,224,200,85,115,97,34,63,40,11,29,3,2,1,5,3,2,374,373,244,73,33,7,9,3,4,126,105,21,9,137,81,46,36
52405285,0,,,2306,1276,1030,172,87,85,2098,1161,937,1314,819,495,2041,1134,907,1847,973,874,784,342,442,433,176,257,147,39,108,17,3,14,44,26,18,1322,1318,795,296,111,66,39,9,2,520,463,57,50,515,287,216,144
52405286,0,,,547,276,271,39,18,21,507,257,250,281,156,125,499,253,246,484,244,240,226,101,125,121,48,73,42,15,27,4,2,2,4,0,4,257,257,107,86,22,22,13,3,4,149,117,32,9,159,30,48,44
52405290,0,,,123,68,55,5,4,1,118,64,54,55,36,19,118,64,54,117,63,54,63,28,35,34,12,22,15,5,10,0,0,0,6,6,0,60,60,24,17,14,3,1,1,0,36,27,9,3,43,2,16,7
52405291,0,,,88,46,42,2,2,0,86,44,42,40,22,18,84,43,41,83,42,41,46,22,24,26,8,18,8,2,6,0,0,0,0,0,0,44,44,16,18,6,2,2,0,0,28,22,6,0,33,0,11,10
52405292,0,,,56,28,28,5,2,3,51,26,25,23,9,14,50,26,24,50,26,24,28,17,11,13,7,6,3,1,2,0,0,0,0,0,0,23,23,5,11,2,2,3,0,0,18,12,6,1,18,0,3,7
52405293,0,,,24,17,7,0,0,0,24,17,7,14,11,3,24,17,7,19,13,6,10,6,4,5,3,2,1,0,1,0,0,0,0,0,0,18,18,14,2,2,0,0,0,0,4,3,1,0,6,6,2,2
52405294,0,,,459,279,180,44,20,24,415,259,156,357,233,124,403,254,149,347,213,134,58,26,32,30,10,20,9,3,6,0,0,0,1,0,1,288,288,201,39,25,14,6,2,1,87,78,9,9,46,118,18,11
52405295,0,,,724,414,310,65,32,33,649,374,275,518,316,202,636,368,268,549,308,241,131,58,73,51,19,32,16,5,11,0,0,0,6,5,1,444,444,291,77,37,28,10,1,0,153,138,15,18,91,142,26,27
52405296,0,,,419,226,193,24,15,9,394,210,184,215,137,78,390,207,183,375,194,181,179,73,106,94,28,66,34,9,25,2,0,2,3,2,1,214,214,106,56,26,14,7,3,2,108,79,29,8,124,33,41,28
52406004,1,,52406014,45,23,22,0,0,0,52,29,23,24,14,10,52,29,23,52,29,23,28,15,13,10,4,6,3,2,1,1,1,0,6,3,3,23,23,14,12,2,2,1,0,0,16,13,3,0,19,3,5,7
52406010,0,,,258,82,176,0,0,0,258,82,176,0,0,0,258,82,176,258,82,176,258,82,176,240,76,164,138,40,98,14,2,12,0,0,0,42,39,0,39,0,0,0,0,0,39,39,0,0,39,0,0,39
52406011,2,52406021,,7,3,4,*,*,*,*,*,*,*,*,*,*,*,*,*,*,*,*,*,*,*,*,*,*,*,*,*,*,*,*,*,*,2,2,*,*,*,*,*,*,*,*,*,*,*,*,*,*,*
52406014,2,52406004,,12,9,3,*,*,*,*,*,*,*,*,*,*,*,*,*,*,*,*,*,*,*,*,*,*,*,*,*,*,*,*,*,*,8,8,*,*,*,*,*,*,*,*,*,*,*,*,*,*,*
52406020,0,,,21,9,12,1,1,0,20,8,12,11,5,6,20,8,12,20,8,12,9,3,6,6,2,4,4,1,3,0,0,0,0,0,0,6,6,0,0,4,1,1,0,0,6,1,5,1,5,0,0,0
52406021,1,,52406011,24,12,12,0,0,0,31,15,16,17,9,8,31,15,16,29,14,15,14,6,8,10,5,5,4,2,2,1,0,1,0,0,0,10,10,4,1,3,4,0,0,0,8,4,4,0,9,0,3,0
52406024,1,,52406034,13,6,7,0,0,0,17,8,9,9,4,5,17,8,9,17,8,9,8,4,4,8,4,4,4,3,1,0,0,0,0,0,0,4,4,1,1,3,0,1,0,0,5,4,1,0,5,0,1,0
52406025,1,,52406026,17,6,11,0,0,0,21,8,13,9,4,5,21,8,13,20,8,12,12,4,8,8,1,7,4,1,3,0,0,0,0,0,0,8,8,4,4,0,1,1,0,0,6,4,2,0,10,0,4,2
52406026,2,52406025,,4,2,2,*,*,*,*,*,*,*,*,*,*,*,*,*,*,*,*,*,*,*,*,*,*,*,*,*,*,*,*,*,*,2,2,*,*,*,*,*,*,*,*,*,*,*,*,*,*,*
52406031,0,,,104,52,52,2,1,1,102,51,51,44,24,20,102,51,51,101,50,51,58,27,31,36,14,22,15,7,8,2,1,1,0,0,0,38,38,7,14,6,7,1,3,0,31,20,11,0,35,0,5,9
52406032,0,,,11,4,7,2,0,2,9,4,5,7,3,4,9,4,5,8,4,4,2,1,1,1,1,0,0,0,0,0,0,0,0,0,0,4,4,1,1,1,0,1,0,0,3,2,1,0,1,0,0,1
52406033,0,,,17,9,8,2,2,0,15,7,8,6,2,4,14,6,8,14,6,8,9,5,4,3,1,2,2,0,2,0,0,0,0,0,0,6,6,1,2,2,0,0,1,0,5,2,3,0,5,0,1,1
52406034,2,52406024,,4,2,2,*,*,*,*,*,*,*,*,*,*,*,*,*,*,*,*,*,*,*,*,*,*,*,*,*,*,*,*,*,*,2,2,*,*,*,*,*,*,*,*,*,*,*,*,*,*,*
52406035,0,,,14,8,6,0,0,0,14,8,6,6,3,3,14,8,6,14,8,6,8,5,3,3,2,1,2,2,0,0,0,0,1,0,1,6,6,1,2,3,0,0,0,0,5,4,1,0,5,0,1,1
52406041,0,,,65,30,35,2,1,1,63,29,34,35,17,18,60,27,33,60,27,33,28,12,16,17,9,8,6,3,3,0,0,0,1,0,1,26,26,4,10,7,5,0,0,0,22,17,5,1,17,0,1,4
52406042,2,52406043,,6,2,4,*,*,*,*,*,*,*,*,*,*,*,*,*,*,*,*,*,*,*,*,*,*,*,*,*,*,*,*,*,*,3,3,*,*,*,*,*,*,*,*,*,*,*,*,*,*,*
52406043,1,,52406042,24,11,13,4,1,3,26,12,14,13,7,6,22,10,12,22,10,12,13,5,8,4,1,3,1,0,1,0,0,0,0,0,0,6,6,2,2,3,0,0,0,2,7,4,3,0,9,0,2,2
52406045,0,,,49,27,22,1,0,1,48,27,21,26,15,11,48,27,21,47,26,21,22,12,10,7,3,4,3,1,2,0,0,0,0,0,0,17,17,2,5,5,4,0,1,0,15,12,3,0,13,0,1,4
52406051,0,,,62,34,28,4,4,0,58,30,28,29,19,10,57,30,27,57,30,27,29,11,18,11,1,10,5,1,4,0,0,0,0,0,0,24,24,7,6,6,3,0,1,1,17,12,5,1,18,0,4,3
52406052,0,,,74,33,41,3,1,2,71,32,39,32,15,17,70,32,38,69,32,37,39,17,22,15,4,11,7,2,5,0,0,0,0,0,0,35,35,10,15,7,2,1,0,0,25,20,5,0,27,0,8,7
52406055,0,,,35,18,17,3,2,1,32,16,16,14,7,7,32,16,16,32,16,16,18,9,9,11,4,7,4,1,3,0,0,0,0,0,0,14,14,4,4,3,1,2,0,0,10,7,3,0,11,0,3,3
52406060,2,52406071,,3,2,1,*,*,*,*,*,*,*,*,*,*,*,*,*,*,*,*,*,*,*,*,*,*,*,*,*,*,*,*,*,*,1,1,*,*,*,*,*,*,*,*,*,*,*,*,*,*,*
52406061,0,,,92,46,46,8,6,2,83,40,43,37,21,16,83,40,43,82,39,43,46,19,27,20,6,14,8,3,5,0,0,0,0,0,0,36,36,7,15,7,4,1,1,1,28,19,9,1,31,0,4,7
52406062,0,,,66,29,37,2,0,2,64,29,35,22,12,10,62,27,35,62,27,35,42,17,25,17,6,11,3,0,3,0,0,0,0,0,0,34,34,13,14,5,1,0,1,0,21,17,4,0,28,0,9,9
52406065,0,,,30,16,14,3,2,1,27,14,13,15,9,6,26,14,12,26,14,12,12,5,7,7,3,4,4,1,3,0,0,0,1,0,1,10,10,0,3,4,3,0,0,0,10,7,3,1,9,0,0,1
52406066,0,,,32,16,16,3,1,2,29,15,14,9,4,5,29,15,14,29,15,14,20,11,9,8,3,5,5,2,3,0,0,0,0,0,0,13,13,4,5,2,1,0,0,1,9,6,3,0,11,0,3,3
52406067,0,,,49,25,24,4,2,2,45,23,22,20,10,10,45,23,22,44,23,21,25,13,12,10,4,6,5,2,3,0,0,0,0,0,0,20,20,7,6,4,1,0,1,1,13,9,4,2,18,0,5,4
52406069,2,52406079,,2,1,1,*,*,*,*,*,*,*,*,*,*,*,*,*,*,*,*,*,*,*,*,*,*,*,*,*,*,*,*,*,*,1,1,*,*,*,*,*,*,*,*,*,*,*,*,*,*,*
52406070,0,,,93,47,46,7,5,2,86,42,44,34,19,15,86,42,44,86,42,44,52,23,29,15,5,10,4,1,3,1,0,1,0,0,0,40,40,11,17,8,1,0,1,2,29,24,5,2,32,0,7,12
52406071,1,,52406060,66,38,28,5,3,2,64,37,27,30,19,11,63,36,27,63,36,27,34,18,16,13,7,6,4,1,3,0,0,0,0,0,0,26,26,5,10,9,1,0,1,1,22,15,7,0,21,0,4,5
52406075,0,,,44,22,22,1,1,0,43,21,22,17,9,8,43,21,22,43,21,22,26,12,14,14,7,7,6,2,4,0,0,0,0,0,0,20,20,5,8,5,2,0,0,0,15,11,4,1,17,0,5,6
52406076,0,,,200,102,98,14,7,7,186,95,91,86,46,40,185,94,91,184,94,90,100,49,51,46,23,23,20,9,11,2,1,1,1,0,1,78,78,17,27,17,9,6,2,0,61,41,20,5,61,0,11,18
52406077,0,,,253,118,135,21,10,11,232,108,124,101,48,53,227,107,120,225,106,119,131,60,71,69,30,39,26,9,17,1,1,0,3,0,3,100,100,29,30,20,10,4,6,1,69,50,19,3,83,0,24,17
52406078,0,,,192,100,92,7,1,6,184,98,86,82,47,35,179,94,85,176,94,82,102,51,51,47,20,27,21,7,14,1,1,0,2,1,1,81,81,21,31,14,10,3,2,0,60,47,13,1,65,0,13,23
52406079,1,,52406069,169,83,86,3,3,0,168,81,87,70,36,34,166,79,87,165,79,86,98,45,53,59,26,33,21,8,13,2,0,2,0,0,0,76,76,22,35,11,3,2,4,0,52,42,10,1,65,0,17,18
52406080,0,,,86,34,52,6,2,4,80,32,48,34,17,17,78,32,46,78,32,46,46,15,31,28,7,21,14,1,13,1,0,1,0,0,0,33,32,9,12,8,1,2,0,0,22,22,0,1,21,0,6,6
52406085,0,,,58,28,30,3,2,1,55,26,29,26,12,14,54,26,28,54,26,28,29,14,15,15,8,7,7,2,5,0,0,0,0,0,0,23,23,4,9,7,2,0,0,1,19,12,7,2,17,0,2,5
52406086,0,,,117,55,62,3,0,3,113,55,58,54,26,28,110,54,56,110,54,56,59,29,30,30,13,17,10,6,4,0,0,0,0,0,0,48,48,10,21,9,4,3,0,1,37,27,10,1,37,0,7,15
52406087,1,,52406098,102,54,48,7,5,2,98,51,47,51,31,20,96,49,47,94,48,46,47,20,27,31,12,19,12,2,10,3,0,3,1,0,1,41,41,8,17,8,7,1,1,0,34,28,6,1,29,0,6,10
52406090,0,,,52,26,26,7,4,3,45,22,23,29,14,15,44,22,22,44,22,22,16,8,8,6,1,5,2,1,1,0,0,0,2,0,2,21,21,2,12,4,1,2,0,0,18,17,1,1,11,0,2,3
52406093,2,52406094,,5,3,2,*,*,*,*,*,*,*,*,*,*,*,*,*,*,*,*,*,*,*,*,*,*,*,*,*,*,*,*,*,*,3,3,*,*,*,*,*,*,*,*,*,*,*,*,*,*,*
52406094,1,,52406093,159,77,82,8,3,5,156,77,79,68,36,32,155,76,79,153,74,79,88,41,47,32,10,22,12,1,11,1,0,1,0,0,0,58,58,9,24,15,6,4,3,0,51,33,18,2,51,0,7,16
52406095,0,,,187,91,96,8,5,3,178,85,93,77,37,40,174,85,89,172,84,88,101,48,53,47,20,27,26,10,16,3,0,3,0,0,0,74,74,19,25,12,10,6,2,0,55,36,19,2,59,0,14,14
52406096,0,,,137,67,70,7,4,3,130,63,67,70,37,33,129,62,67,128,61,67,60,26,34,32,10,22,13,3,10,1,0,1,0,0,0,53,53,11,20,8,10,2,2,0,42,29,13,1,44,0,9,9
52406098,2,52406087,,3,2,1,*,*,*,*,*,*,*,*,*,*,*,*,*,*,*,*,*,*,*,*,*,*,*,*,*,*,*,*,*,*,1,1,*,*,*,*,*,*,*,*,*,*,*,*,*,*,*
52406100,1,,52406101,43,23,20,3,1,2,43,24,19,25,14,11,42,24,18,40,23,17,18,10,8,12,5,7,9,4,5,2,1,1,0,0,0,14,14,4,5,2,1,3,0,1,12,8,4,1,12,0,2,2
52406101,2,52406100,,3,2,1,*,*,*,*,*,*,*,*,*,*,*,*,*,*,*,*,*,*,*,*,*,*,*,*,*,*,*,*,*,*,2,2,*,*,*,*,*,*,*,*,*,*,*,*,*,*,*
52406107,2,52406108,,2,1,1,*,*,*,*,*,*,*,*,*,*,*,*,*,*,*,*,*,*,*,*,*,*,*,*,*,*,*,*,*,*,1,1,*,*,*,*,*,*,*,*,*,*,*,*,*,*,*
52406108,1,,52406107,63,34,29,1,1,0,64,34,30,23,16,7,64,34,30,64,34,30,41,18,23,24,10,14,7,4,3,1,0,1,0,0,0,26,26,5,11,8,2,0,1,0,22,17,5,1,26,0,5,8
52406109,0,,,16,9,7,2,1,1,14,8,6,5,3,2,14,8,6,14,8,6,9,5,4,5,2,3,1,0,1,0,0,0,0,0,0,7,7,2,3,0,2,0,0,0,5,4,1,1,6,0,2,1
52406110,0,,,10,5,5,0,0,0,10,5,5,1,0,1,10,5,5,10,5,5,9,5,4,7,4,3,3,2,1,0,0,0,0,0,0,7,7,5,1,1,0,0,0,0,2,2,0,0,7,0,5,1
52406114,2,52406115,,8,5,3,*,*,*,*,*,*,*,*,*,*,*,*,*,*,*,*,*,*,*,*,*,*,*,*,*,*,*,*,*,*,2,2,*,*,*,*,*,*,*,*,*,*,*,*,*,*,*
52406115,1,,52406114;52406133,31,14,17,3,2,1,39,19,20,17,9,8,39,19,20,39,19,20,22,10,12,7,2,5,4,0,4,0,0,0,2,2,0,13,13,3,6,6,1,1,0,0,13,12,1,2,14,1,2,3
52406119,0,,,10,5,5,0,0,0,10,5,5,3,1,2,10,5,5,10,5,5,7,4,3,4,2,2,2,1,1,0,0,0,0,0,0,4,4,1,1,1,1,0,0,0,3,1,2,0,4,0,1,1
52406120,2,52406121,,19,7,12,*,*,*,*,*,*,*,*,*,*,*,*,*,*,*,*,*,*,*,*,*,*,*,*,*,*,*,*,*,*,4,3,*,*,*,*,*,*,*,*,*,*,*,*,*,*,*
52406121,1,,52406120,6,4,2,0,0,0,25,11,14,5,4,1,25,11,14,25,11,14,20,7,13,20,7,13,11,3,8,3,1,2,0,0,0,1,1,0,3,0,0,0,1,0,4,3,1,0,4,0,0,2
52406125,0,,,44,22,22,6,2,4,38,20,18,23,11,12,38,20,18,38,20,18,15,9,6,5,2,3,2,0,2,0,0,0,0,0,0,14,14,5,2,0,3,2,1,1,9,5,4,2,12,0,4,2
52406131,0,,,18,9,9,0,0,0,18,9,9,9,6,3,18,9,9,17,8,9,9,3,6,6,1,5,5,1,4,1,0,1,0,0,0,6,6,2,1,1,1,0,0,1,4,2,2,0,5,0,2,0
52406133,2,52406115,,3,2,1,*,*,*,*,*,*,*,*,*,*,*,*,*,*,*,*,*,*,*,*,*,*,*,*,*,*,*,*,*,*,2,2,*,*,*,*,*,*,*,*,*,*,*,*,*,*,*
52406138,2,52406148,,7,3,4,*,*,*,*,*,*,*,*,*,*,*,*,*,*,*,*,*,*,*,*,*,*,*,*,*,*,*,*,*,*,3,3,*,*,*,*,*,*,*,*,*,*,*,*,*,*,*
52406142,2,52406152,,2,1,1,*,*,*,*,*,*,*,*,*,*,*,*,*,*,*,*,*,*,*,*,*,*,*,*,*,*,*,*,*,*,1,1,*,*,*,*,*,*,*,*,*,*,*,*,*,*,*
52406147,0,,,20,9,11,0,0,0,20,9,11,12,5,7,20,9,11,20,9,11,8,4,4,6,3,3,4,2,2,0,0,0,0,0,0,8,8,3,1,2,1,1,0,0,5,2,3,0,6,0,2,0
52406148,1,,52406138;52406149,35,18,17,7,4,3,37,17,20,21,10,11,37,17,20,37,17,20,16,7,9,7,3,4,1,1,0,0,0,0,0,0,0,15,15,6,8,4,1,0,1,0,14,14,0,1,11,0,4,4
52406149,2,52406148,,2,0,2,*,*,*,*,*,*,*,*,*,*,*,*,*,*,*,*,*,*,*,*,*,*,*,*,*,*,*,*,*,*,2,2,*,*,*,*,*,*,*,*,*,*,*,*,*,*,*
52406151,2,52406152,,5,3,2,*,*,*,*,*,*,*,*,*,*,*,*,*,*,*,*,*,*,*,*,*,*,*,*,*,*,*,*,*,*,2,2,*,*,*,*,*,*,*,*,*,*,*,*,*,*,*
52406152,1,,52406142;52406151,18,10,8,1,1,0,24,13,11,8,6,2,24,13,11,24,13,11,16,7,9,8,3,5,6,3,3,1,1,0,0,0,0,7,7,2,4,2,1,1,0,0,8,5,3,0,9,0,2,1
52406154,0,,,68,34,34,0,0,0,68,34,34,38,22,16,67,34,33,66,34,32,30,12,18,16,4,12,10,3,7,2,1,1,0,0,0,28,28,8,9,5,3,3,0,0,20,13,7,0,22,0,6,3
52406155,0,,,10,6,4,0,0,0,10,6,4,3,2,1,10,6,4,10,6,4,7,4,3,4,1,3,1,0,1,0,0,0,0,0,0,6,6,3,2,1,0,0,0,0,3,3,0,0,6,0,3,1
52406157,0,,,33,18,15,4,4,0,29,14,15,15,8,7,28,13,15,28,13,15,14,6,8,7,2,5,1,0,1,0,0,0,0,0,0,9,9,1,0,4,2,1,0,1,8,3,5,0,9,0,1,0
52406158,0,,,28,16,12,0,0,0,28,16,12,13,7,6,28,16,12,28,16,12,15,9,6,7,5,2,2,2,0,0,0,0,0,0,0,11,11,1,6,2,1,1,0,0,10,6,4,0,11,0,1,4
52406160,0,,,89,47,42,4,1,3,85,46,39,34,23,11,84,45,39,84,45,39,51,23,28,29,14,15,16,8,8,0,0,0,0,0,0,38,38,9,17,7,2,1,2,0,28,24,4,1,31,0,6,12
52406161,0,,,15,7,8,0,0,0,15,7,8,6,2,4,15,7,8,15,7,8,9,5,4,6,3,3,2,1,1,1,0,1,0,0,0,6,6,0,4,1,1,0,0,0,6,3,3,0,6,0,0,2
52406162,0,,,20,12,8,2,2,0,18,10,8,7,4,3,17,10,7,17,10,7,11,6,5,5,2,3,3,1,2,1,0,1,0,0,0,7,7,2,2,1,1,0,0,1,5,1,4,0,6,0,2,0
52406164,0,,,44,25,19,3,2,1,41,23,18,22,14,8,41,23,18,41,23,18,19,9,10,6,2,4,3,1,2,0,0,0,0,0,0,22,22,11,6,2,1,1,1,0,11,6,5,1,13,2,5,2
52406166,0,,,27,12,15,2,1,1,25,11,14,14,6,8,23,11,12,23,11,12,11,5,6,6,3,3,0,0,0,0,0,0,0,0,0,9,9,2,2,1,3,0,1,0,7,4,3,1,7,0,2,1
52406167,0,,,11,4,7,0,0,0,11,4,7,6,2,4,11,4,7,11,4,7,5,2,3,2,0,2,1,0,1,0,0,0,0,0,0,5,5,1,2,2,0,0,0,0,4,3,1,0,3,0,0,0
52406168,0,,,54,26,28,5,5,0,49,21,28,30,11,19,47,21,26,45,20,25,19,10,9,11,5,6,5,2,3,0,0,0,2,1,1,20,20,5,5,5,3,0,2,0,15,13,2,0,12,0,4,3
52406170,0,,,21,8,13,0,0,0,21,8,13,12,7,5,21,8,13,21,8,13,9,1,8,7,0,7,3,0,3,0,0,0,0,0,0,12,12,7,2,2,1,0,0,0,5,2,3,0,9,0,5,0
52406172,0,,,92,48,44,9,6,3,83,42,41,42,23,19,82,41,41,81,41,40,41,19,22,18,7,11,4,2,2,0,0,0,1,0,1,40,40,14,11,7,6,1,1,0,26,21,5,2,28,0,10,5
52406173,0,,,24,15,9,0,0,0,24,15,9,10,5,5,24,15,9,24,15,9,14,10,4,8,4,4,2,2,0,1,1,0,0,0,0,11,11,5,2,2,1,1,0,0,6,3,3,0,9,0,5,2
52406174,0,,,76,41,35,4,3,1,72,38,34,36,19,17,69,35,34,67,33,34,36,19,17,26,16,10,7,4,3,1,0,1,0,0,0,32,32,9,11,7,2,2,1,0,23,17,6,0,23,0,5,6
52406176,0,,,27,13,14,5,3,2,22,10,12,15,7,8,22,10,12,22,10,12,7,3,4,4,1,3,1,0,1,0,0,0,0,0,0,12,12,6,2,1,2,0,1,0,6,5,1,1,7,0,6,0
52406177,0,,,40,23,17,0,0,0,40,23,17,21,16,5,39,22,17,38,22,16,19,7,12,11,3,8,4,1,3,0,0,0,1,0,1,16,16,4,5,3,3,1,0,0,11,9,2,0,12,0,2,1
52406178,0,,,20,10,10,0,0,0,20,10,10,11,6,5,19,9,10,19,9,10,9,4,5,3,0,3,3,0,3,0,0,0,0,0,0,9,9,4,2,2,0,0,1,0,5,3,2,0,6,0,2,1
52406179,2,52406189,,6,4,2,*,*,*,*,*,*,*,*,*,*,*,*,*,*,*,*,*,*,*,*,*,*,*,*,*,*,*,*,*,*,3,3,*,*,*,*,*,*,*,*,*,*,*,*,*,*,*
52406183,0,,,109,58,51,10,6,4,99,52,47,45,25,20,98,51,47,98,51,47,54,27,27,20,8,12,7,2,5,1,0,1,0,0,0,45,45,13,20,4,3,1,3,1,32,21,11,2,35,1,9,11
52406184,1,,52406185,29,13,16,2,1,1,31,14,17,12,7,5,31,14,17,31,14,17,19,7,12,11,3,8,8,3,5,0,0,0,0,0,0,12,12,5,3,3,2,1,0,0,8,6,2,0,13,0,5,1
52406185,2,52406184,,4,2,2,*,*,*,*,*,*,*,*,*,*,*,*,*,*,*,*,*,*,*,*,*,*,*,*,*,*,*,*,*,*,2,2,*,*,*,*,*,*,*,*,*,*,*,*,*,*,*
52406186,0,,,89,46,43,4,4,0,85,42,43,40,20,20,82,40,42,82,40,42,45,22,23,23,9,14,6,2,4,0,0,0,0,0,0,39,39,11,15,9,1,1,2,0,28,18,10,0,31,0,7,6
52406187,2,52406188,,7,5,2,*,*,*,*,*,*,*,*,*,*,*,*,*,*,*,*,*,*,*,*,*,*,*,*,*,*,*,*,*,*,4,4,*,*,*,*,*,*,*,*,*,*,*,*,*,*,*
52406188,1,,52406187,87,43,44,6,3,3,88,45,43,43,23,20,87,44,43,86,44,42,45,22,23,23,9,14,10,2,8,0,0,0,0,0,0,37,37,15,11,8,5,0,1,1,24,16,8,1,32,0,11,5
52406189,1,,52406179,101,49,52,5,3,2,102,50,52,62,35,27,99,48,51,99,48,51,40,15,25,20,6,14,6,3,3,0,0,0,1,0,1,37,37,10,11,6,8,5,0,0,30,19,11,0,27,0,6,3
52406192,0,,,72,33,39,6,3,3,66,30,36,32,13,19,66,30,36,65,30,35,34,17,17,14,6,8,6,2,4,0,0,0,0,0,0,22,22,1,5,9,4,1,1,1,21,13,8,2,20,0,1,4
52406193,1,,52406194,108,53,55,2,0,2,111,54,57,51,24,27,110,53,57,106,51,55,60,30,30,28,9,19,14,4,10,3,0,3,1,0,1,53,53,24,16,9,5,2,0,0,31,25,6,1,40,0,17,8
52406194,2,52406193,,5,1,4,*,*,*,*,*,*,*,*,*,*,*,*,*,*,*,*,*,*,*,*,*,*,*,*,*,*,*,*,*,*,3,3,*,*,*,*,*,*,*,*,*,*,*,*,*,*,*
52406195,0,,,63,31,32,4,1,3,59,30,29,31,15,16,57,28,29,55,28,27,28,15,13,12,6,6,7,4,3,1,0,1,0,0,0,20,20,1,7,5,3,3,1,0,19,14,5,1,17,0,1,6
52406196,0,,,97,48,49,7,4,3,90,44,46,47,26,21,89,44,45,87,42,45,43,18,25,15,4,11,9,3,6,1,1,0,0,0,0,38,38,11,11,9,2,2,2,1,27,18,9,2,30,0,11,1
52406197,0,,,40,24,16,2,2,0,38,22,16,15,9,6,37,21,16,36,21,15,23,13,10,11,5,6,3,1,2,1,0,1,0,0,0,19,19,7,7,3,1,0,1,0,12,10,2,1,15,0,4,5
52406198,0,,,183,91,92,7,3,4,176,88,88,90,52,38,175,87,88,175,87,88,86,36,50,41,14,27,19,7,12,1,0,1,1,0,1,76,76,18,29,15,9,4,1,0,58,42,16,3,60,0,16,12
52406199,0,,,179,90,89,17,8,9,162,82,80,80,43,37,161,81,80,161,81,80,82,39,43,47,19,28,19,7,12,3,0,3,0,0,0,70,70,16,25,18,6,1,1,3,53,36,17,5,50,0,10,13
52406200,0,,,35,18,17,3,1,2,32,17,15,13,7,6,32,17,15,32,17,15,19,10,9,8,4,4,3,2,1,0,0,0,0,0,0,15,15,4,6,4,0,0,0,1,11,8,3,1,12,0,3,4
52406201,1,,52406202,113,59,54,3,1,2,118,62,56,45,28,17,116,62,54,115,61,54,73,34,39,37,16,21,12,4,8,0,0,0,1,0,1,53,53,21,18,6,5,4,1,0,34,24,10,0,47,0,18,12
52406202,2,52406201,,8,4,4,*,*,*,*,*,*,*,*,*,*,*,*,*,*,*,*,*,*,*,*,*,*,*,*,*,*,*,*,*,*,2,2,*,*,*,*,*,*,*,*,*,*,*,*,*,*,*
52406203,0,,,61,32,29,4,2,2,57,30,27,26,18,8,57,30,27,56,29,27,31,12,19,20,6,14,6,2,4,2,1,1,1,0,1,29,29,11,11,3,1,3,0,0,18,12,6,1,22,1,5,6
52406204,0,,,244,169,75,9,4,5,232,162,70,167,127,40,229,159,70,192,123,69,65,35,30,33,14,19,7,3,4,0,0,0,1,1,0,158,158,109,30,6,9,3,1,0,48,36,12,3,44,39,13,12
52406206,1,,52406207,274,155,119,10,4,6,261,147,114,146,95,51,258,145,113,232,121,111,115,52,63,67,30,37,27,7,20,0,0,0,1,0,1,150,149,97,33,13,6,0,1,0,52,44,8,3,51,30,18,15
52406207,2,52406206,,2,0,2,*,*,*,*,*,*,*,*,*,*,*,*,*,*,*,*,*,*,*,*,*,*,*,*,*,*,*,*,*,*,1,1,*,*,*,*,*,*,*,*,*,*,*,*,*,*,*
52406210,0,,,38,16,22,2,0,2,36,16,20,21,11,10,36,16,20,35,16,19,15,5,10,7,2,5,3,1,2,1,0,1,0,0,0,17,17,5,6,3,3,0,0,0,12,7,5,0,11,0,2,1
52406211,0,,,32,17,15,3,1,2,29,16,13,15,8,7,29,16,13,28,16,12,14,8,6,9,5,4,6,3,3,0,0,0,0,0,0,12,12,3,5,2,0,0,1,1,9,6,3,1,10,0,2,1
52406212,2,52406222,,9,4,5,*,*,*,*,*,*,*,*,*,*,*,*,*,*,*,*,*,*,*,*,*,*,*,*,*,*,*,*,*,*,3,3,*,*,*,*,*,*,*,*,*,*,*,*,*,*,*
52406213,0,,,109,56,53,9,2,7,100,54,46,57,33,24,98,53,45,93,50,43,43,21,22,14,8,6,3,1,2,0,0,0,1,0,1,50,50,20,16,7,1,4,2,0,30,23,7,2,26,13,2,10
52406214,0,,,34,21,13,2,0,2,32,21,11,20,15,5,32,21,11,31,20,11,12,6,6,3,1,2,3,1,2,0,0,0,0,0,0,18,18,9,4,3,2,0,0,0,9,7,2,1,7,8,0,2
52406216,0,,,79,36,43,6,2,4,73,34,39,23,10,13,72,34,38,72,34,38,50,24,26,19,11,8,3,2,1,1,0,1,1,1,0,37,37,7,24,2,2,2,0,0,28,26,2,1,30,0,7,18
52406217,0,,,759,374,385,36,20,16,721,353,368,285,146,139,709,346,363,705,343,362,436,207,229,221,106,115,41,18,23,1,0,1,4,2,2,372,372,113,182,42,21,12,2,0,257,221,36,9,284,1,77,119
52406218,0,,,93,51,42,2,0,2,90,51,39,39,23,16,89,50,39,87,49,38,51,28,23,25,15,10,3,3,0,0,0,0,1,1,0,49,49,25,12,6,4,2,0,0,24,20,4,0,37,0,16,9
52406219,0,,,392,177,215,26,11,15,366,166,200,177,83,94,362,164,198,358,162,196,189,83,106,101,38,63,29,7,22,4,1,3,1,1,0,159,159,37,61,31,19,6,2,3,121,86,35,4,129,0,27,40
52406220,0,,,90,44,46,13,9,4,77,35,42,38,19,19,75,35,40,74,35,39,39,16,23,11,3,8,2,0,2,0,0,0,0,0,0,35,35,10,12,5,3,3,1,1,25,18,7,2,27,0,8,7
52406221,0,,,118,58,60,7,4,3,111,54,57,61,32,29,110,54,56,109,54,55,50,22,28,27,8,19,10,2,8,0,0,0,1,1,0,40,40,6,14,8,5,5,0,2,34,21,13,2,34,0,6,6
52406222,1,,52406212,95,45,50,9,6,3,95,43,52,51,23,28,91,40,51,90,39,51,44,20,24,26,11,15,9,3,6,1,0,1,0,0,0,37,37,10,13,7,6,2,1,1,30,21,9,1,29,0,8,8
52406223,0,,,220,108,112,24,7,17,196,101,95,106,55,51,196,101,95,194,99,95,90,46,44,39,20,19,13,5,8,1,1,0,8,1,7,95,95,32,32,17,6,2,3,3,63,46,17,3,61,11,10,21
52406225,2,52406226,,12,5,7,*,*,*,*,*,*,*,*,*,*,*,*,*,*,*,*,*,*,*,*,*,*,*,*,*,*,*,*,*,*,5,5,*,*,*,*,*,*,*,*,*,*,*,*,*,*,*
52406226,1,,52406225,256,128,128,19,10,9,249,123,126,80,36,44,246,122,124,244,120,124,169,87,82,82,47,35,12,4,8,0,0,0,2,0,2,132,132,42,70,16,7,2,0,0,93,90,3,7,108,0,35,58
52406227,0,,,873,382,491,62,27,35,811,355,456,274,125,149,803,351,452,795,348,447,537,230,307,328,124,204,146,47,99,21,4,17,5,0,5,375,372,99,194,50,21,6,1,1,270,251,19,16,267,1,68,141
52406228,0,,,1822,884,938,104,48,56,1701,823,878,813,406,407,1663,808,855,1639,790,849,888,417,471,474,209,265,138,53,85,10,3,7,12,5,7,893,877,329,334,107,66,27,9,5,538,446,92,30,593,10,199,197
52406229,0,,,669,316,353,48,18,30,621,298,323,308,160,148,612,294,318,604,290,314,313,138,175,171,69,102,56,16,40,2,1,1,0,0,0,283,283,91,94,50,20,16,6,6,190,144,46,13,209,1,68,52
52406231,0,,,64,29,35,4,2,2,60,27,33,26,11,15,60,27,33,58,26,32,34,16,18,17,8,9,4,1,3,0,0,0,0,0,0,29,29,7,15,3,3,0,1,0,22,19,3,0,21,0,5,7
52406232,0,,,143,70,73,2,1,1,141,69,72,64,34,30,138,67,71,138,67,71,77,35,42,46,17,29,17,5,12,2,0,2,2,0,2,69,69,19,34,11,3,1,1,0,49,42,7,0,55,0,13,15
52406233,1,,52406243,330,139,191,20,11,9,318,134,184,140,72,68,312,131,181,306,127,179,178,62,116,129,33,96,93,24,69,17,5,12,2,2,0,103,102,32,39,12,18,5,1,0,74,61,13,5,65,0,22,17
52406235,0,,,65,28,37,13,6,7,52,22,30,20,6,14,51,21,30,50,20,30,32,16,16,15,8,7,6,3,3,0,0,0,0,0,0,21,21,4,8,5,1,1,0,2,17,13,4,1,17,0,3,5
52406236,0,,,87,44,43,4,2,2,83,42,41,35,18,17,81,41,40,80,40,40,48,24,24,24,11,13,8,3,5,0,0,0,0,0,0,35,35,5,17,7,3,3,0,0,30,25,5,2,30,0,5,11
52406237,0,,,158,77,81,10,7,3,148,70,78,51,28,23,144,67,77,143,66,77,97,42,55,77,34,43,40,25,15,5,1,4,0,0,0,64,63,16,33,4,7,2,0,1,46,40,6,3,45,3,7,30
52406238,0,,,726,338,388,63,36,27,661,302,359,361,169,192,648,297,351,632,290,342,300,133,167,130,53,77,29,9,20,7,1,6,3,1,2,318,318,101,105,57,38,11,5,1,213,179,34,13,204,3,64,59
52406239,0,,,89,39,50,17,7,10,72,32,40,43,21,22,71,32,39,69,31,38,29,11,18,12,3,9,6,1,5,0,0,0,0,0,0,37,37,14,9,5,5,2,2,0,22,20,2,6,20,0,9,4
52406241,0,,,302,158,144,30,20,10,272,138,134,133,71,62,264,133,131,264,133,131,139,67,72,73,33,40,25,11,14,1,0,1,1,0,1,124,124,37,42,21,14,3,3,4,85,64,21,5,92,0,26,26
52406242,0,,,164,67,97,14,3,11,150,64,86,47,25,22,148,63,85,146,61,85,103,39,64,74,25,49,32,6,26,6,0,6,0,0,0,47,45,15,17,4,1,4,2,2,30,22,8,3,33,0,11,10
52406243,2,52406233,,8,6,2,*,*,*,*,*,*,*,*,*,*,*,*,*,*,*,*,*,*,*,*,*,*,*,*,*,*,*,*,*,*,5,5,*,*,*,*,*,*,*,*,*,*,*,*,*,*,*
52406244,2,52406254,,1,1,0,*,*,*,*,*,*,*,*,*,*,*,*,*,*,*,*,*,*,*,*,*,*,*,*,*,*,*,*,*,*,1,1,*,*,*,*,*,*,*,*,*,*,*,*,*,*,*
52406245,2,52406255,,5,3,2,*,*,*,*,*,*,*,*,*,*,*,*,*,*,*,*,*,*,*,*,*,*,*,*,*,*,*,*,*,*,2,2,*,*,*,*,*,*,*,*,*,*,*,*,*,*,*
52406246,0,,,144,73,71,6,2,4,138,71,67,62,36,26,136,70,66,135,69,66,76,35,41,28,13,15,13,5,8,3,2,1,1,0,1,56,56,14,16,14,8,1,2,1,41,31,10,2,46,0,10,9
52406247,0,,,68,35,33,5,2,3,63,33,30,27,17,10,63,33,30,62,32,30,36,16,20,17,7,10,8,2,6,0,0,0,0,0,0,33,33,12,13,5,1,1,1,0,21,18,3,1,25,0,7,6
52406248,0,,,206,84,122,13,7,6,193,77,116,67,35,32,189,75,114,188,74,114,126,42,84,94,26,68,47,5,42,14,0,14,1,1,0,68,67,16,29,8,12,1,0,1,51,45,6,4,48,0,15,19
52406249,0,,,295,144,151,18,8,10,277,136,141,98,49,49,274,134,140,273,133,140,179,87,92,77,36,41,28,15,13,3,1,2,2,1,1,145,145,48,68,15,7,5,1,1,94,84,10,2,112,1,33,52
52406250,0,,,19,8,11,0,0,0,19,8,11,11,4,7,19,8,11,18,8,10,8,4,4,5,2,3,4,2,2,0,0,0,0,0,0,9,9,3,3,2,1,0,0,0,6,6,0,0,6,1,2,1
52406251,0,,,217,116,101,21,16,5,196,100,96,103,55,48,191,98,93,186,96,90,93,45,48,52,23,29,16,5,11,3,0,3,0,0,0,81,81,25,21,17,9,1,1,7,56,38,18,6,64,0,16,9
52406252,0,,,18,8,10,0,0,0,18,8,10,6,3,3,18,8,10,18,8,10,12,5,7,4,1,3,2,0,2,1,0,1,0,0,0,10,10,4,4,2,0,0,0,0,6,5,1,0,9,0,4,1
52406254,1,,52406244,27,21,6,0,0,0,28,22,6,19,17,2,28,22,6,28,22,6,9,5,4,3,2,1,0,0,0,0,0,0,15,15,0,21,21,19,1,1,1,0,0,0,3,2,1,0,6,2,3,1
52406255,1,,52406245,35,12,23,5,2,3,35,13,22,18,6,12,34,13,21,33,13,20,17,7,10,12,3,9,4,1,3,1,0,1,0,0,0,12,12,4,2,5,1,0,1,1,10,3,7,1,13,0,4,1
52406256,0,,,97,42,55,2,0,2,95,42,53,45,20,25,93,42,51,93,42,51,50,22,28,28,10,18,11,4,7,0,0,0,0,0,0,41,41,9,16,10,5,0,1,0,31,22,9,1,33,0,7,8
52406257,0,,,289,154,135,29,21,8,260,133,127,116,58,58,255,131,124,253,130,123,144,75,69,55,29,26,18,6,12,2,1,1,2,1,1,121,121,36,48,11,13,7,5,1,85,62,23,6,97,0,27,33
52406258,0,,,26,15,11,1,0,1,25,15,10,7,5,2,25,15,10,25,15,10,18,10,8,9,4,5,4,2,2,0,0,0,1,1,0,12,12,4,5,1,1,1,0,0,8,6,2,0,11,0,3,3
52406259,0,,,398,200,198,23,13,10,375,187,188,129,66,63,369,185,184,368,185,183,246,121,125,129,62,67,39,15,24,0,0,0,4,2,2,201,201,63,106,13,14,3,1,1,137,123,14,6,156,0,51,73
52406260,0,,,47,25,22,2,1,1,45,24,21,22,11,11,43,24,19,43,24,19,23,13,10,8,5,3,2,2,0,0,0,0,0,0,0,17,17,3,5,5,2,1,1,0,14,9,5,0,15,0,2,3
52406261,0,,,144,70,74,11,3,8,133,67,66,55,30,25,133,67,66,132,66,66,78,37,41,32,13,19,14,3,11,3,2,1,0,0,0,55,55,13,22,9,4,2,2,3,42,30,12,3,46,0,8,13
52406262,0,,,48,21,27,0,0,0,48,21,27,15,7,8,48,21,27,48,21,27,33,14,19,15,7,8,6,2,4,0,0,0,0,0,0,22,22,7,7,5,3,0,0,0,15,9,6,0,19,0,7,5
52406263,0,,,70,36,34,3,2,1,67,34,33,32,16,16,67,34,33,67,34,33,35,18,17,19,9,10,7,3,4,0,0,0,1,0,1,32,31,10,10,8,3,0,0,0,21,18,3,2,21,0,7,8
52406264,1,,52406265,51,18,33,0,0,0,54,18,36,33,12,21,53,18,35,52,18,34,21,6,15,13,4,9,3,0,3,0,0,0,0,0,0,25,14,0,10,4,1,0,0,0,15,14,1,0,6,0,0,2
52406265,2,52406264,,3,0,3,*,*,*,*,*,*,*,*,*,*,*,*,*,*,*,*,*,*,*,*,*,*,*,*,*,*,*,*,*,*,1,1,*,*,*,*,*,*,*,*,*,*,*,*,*,*,*
52406266,0,,,10,5,5,0,0,0,10,5,5,0,0,0,10,5,5,10,5,5,10,5,5,7,3,4,3,2,1,0,0,0,0,0,0,5,5,0,5,0,0,0,0,0,5,5,0,0,5,0,0,4
52406267,0,,,203,98,105,17,8,9,186,90,96,102,49,53,180,87,93,177,84,93,84,41,43,32,16,16,11,4,7,1,0,1,1,0,1,79,79,14,30,19,10,4,2,0,65,48,17,0,56,0,12,15
52406268,0,,,80,37,43,1,0,1,79,37,42,34,16,18,78,37,41,78,37,41,45,21,24,28,12,16,11,4,7,0,0,0,0,0,0,34,34,9,12,7,5,0,1,0,25,17,8,0,25,0,7,6
52406269,2,52406279,,9,3,6,*,*,*,*,*,*,*,*,*,*,*,*,*,*,*,*,*,*,*,*,*,*,*,*,*,*,*,*,*,*,4,4,*,*,*,*,*,*,*,*,*,*,*,*,*,*,*
52406270,0,,,82,36,46,6,3,3,76,33,43,37,14,23,74,33,41,73,32,41,39,19,20,19,9,10,7,3,4,0,0,0,2,0,2,33,33,7,14,5,4,2,1,0,26,18,8,4,27,0,5,9
52406271,0,,,102,52,50,7,4,3,95,48,47,49,27,22,95,48,47,95,48,47,46,21,25,31,11,20,13,4,9,0,0,0,4,2,2,44,44,14,14,8,5,2,1,0,29,17,12,3,32,0,9,6
52406272,0,,,151,48,103,4,4,0,147,44,103,38,23,15,145,42,103,143,41,102,109,21,88,94,13,81,69,7,62,21,0,21,0,0,0,29,28,8,9,3,4,2,2,0,20,11,9,0,22,0,7,4
52406275,2,52406285,,1,0,1,*,*,*,*,*,*,*,*,*,*,*,*,*,*,*,*,*,*,*,*,*,*,*,*,*,*,*,*,*,*,1,1,*,*,*,*,*,*,*,*,*,*,*,*,*,*,*
52406276,2,52406285,,8,5,3,*,*,*,*,*,*,*,*,*,*,*,*,*,*,*,*,*,*,*,*,*,*,*,*,*,*,*,*,*,*,3,3,*,*,*,*,*,*,*,*,*,*,*,*,*,*,*
52406277,0,,,104,53,51,5,2,3,99,51,48,45,25,20,98,51,47,96,50,46,54,26,28,33,15,18,10,4,6,0,0,0,0,0,0,41,41,11,14,6,5,4,0,1,30,21,9,2,36,0,10,8
52406278,0,,,104,51,53,8,4,4,96,47,49,44,22,22,93,46,47,91,44,47,52,25,27,18,10,8,2,1,1,0,0,0,0,0,0,41,41,7,18,9,4,1,1,1,34,29,5,1,32,0,6,14
52406279,1,,52406269,42,21,21,4,3,1,47,21,26,20,10,10,46,21,25,46,21,25,27,11,16,9,3,6,3,1,2,1,0,1,0,0,0,19,19,6,11,3,2,0,1,0,16,12,4,1,18,0,5,6
52406280,0,,,27,14,13,0,0,0,27,14,13,10,5,5,26,14,12,25,13,12,17,9,8,5,2,3,2,1,1,1,1,0,1,1,0,13,13,5,4,2,2,0,0,0,8,4,4,0,11,0,3,2
52406284,2,52406285,,5,2,3,*,*,*,*,*,*,*,*,*,*,*,*,*,*,*,*,*,*,*,*,*,*,*,*,*,*,*,*,*,*,2,2,*,*,*,*,*,*,*,*,*,*,*,*,*,*,*
52406285,1,,52406275;52406276;52406284,55,27,28,8,4,4,61,30,31,29,14,15,61,30,31,60,30,30,32,16,16,21,8,13,8,3,5,0,0,0,0,0,0,23,23,9,7,9,2,1,1,0,20,16,4,3,24,0,9,4
52406287,0,,,27,12,15,0,0,0,27,12,15,12,7,5,27,12,15,27,12,15,15,5,10,8,1,7,3,0,3,0,0,0,0,0,0,11,11,3,2,4,2,0,0,0,8,7,1,0,10,0,3,1
52406288,0,,,95,44,51,2,0,2,93,44,49,38,17,21,92,44,48,91,44,47,55,27,28,27,12,15,14,5,9,1,1,0,0,0,0,40,40,11,13,9,5,1,1,0,29,20,9,0,33,0,8,8
52406289,0,,,188,65,123,6,3,3,182,62,120,48,21,27,180,60,120,179,60,119,134,41,93,103,24,79,61,8,53,12,0,12,1,0,1,44,43,10,12,15,3,2,0,1,32,29,3,2,35,0,9,6
52406290,0,,,222,104,118,16,8,8,206,96,110,110,53,57,200,93,107,199,93,106,96,43,53,45,15,30,17,4,13,2,0,2,1,0,1,89,89,23,28,19,13,3,2,1,65,49,16,2,63,0,17,15
52406291,0,,,225,96,129,63,39,24,162,57,105,157,54,103,156,57,99,102,49,53,5,3,2,2,1,1,1,1,0,0,0,0,11,4,7,56,51,28,12,7,3,1,0,0,23,22,1,4,4,10,1,2
52406292,2,52406293,,10,4,6,*,*,*,*,*,*,*,*,*,*,*,*,*,*,*,*,*,*,*,*,*,*,*,*,*,*,*,*,*,*,4,4,*,*,*,*,*,*,*,*,*,*,*,*,*,*,*
52406293,1,,52406292,12,5,7,2,1,1,20,8,12,10,4,6,19,8,11,19,8,11,10,4,6,7,2,5,5,2,3,0,0,0,0,0,0,5,5,1,4,3,1,0,0,0,8,6,2,1,6,0,0,3
52406294,2,52406295,,9,5,4,*,*,*,*,*,*,*,*,*,*,*,*,*,*,*,*,*,*,*,*,*,*,*,*,*,*,*,*,*,*,2,2,*,*,*,*,*,*,*,*,*,*,*,*,*,*,*
52406295,1,,52406294,178,74,104,4,3,1,183,76,107,45,26,19,181,75,106,178,73,105,138,50,88,106,33,73,57,13,44,8,1,7,0,0,0,47,44,14,16,7,5,4,0,0,31,23,8,0,37,0,9,11
52406296,0,,,16,10,6,0,0,0,16,10,6,10,7,3,16,10,6,16,10,6,6,3,3,2,1,1,2,1,1,0,0,0,0,0,0,7,7,2,3,1,0,1,0,0,4,3,1,0,4,0,0,3
52406297,0,,,170,96,74,9,7,2,161,89,72,75,42,33,160,88,72,157,86,71,86,47,39,45,19,26,16,5,11,0,0,0,1,0,1,69,69,14,30,11,9,4,0,1,55,45,10,2,58,0,12,17
52406298,0,,,30,15,15,0,0,0,30,15,15,18,10,8,29,14,15,29,14,15,12,5,7,9,3,6,2,1,1,0,0,0,0,0,0,13,13,4,3,4,2,0,0,0,9,7,2,0,9,0,3,2
52406299,0,,,91,45,46,7,4,3,84,41,43,41,22,19,83,41,42,83,41,42,43,19,24,19,7,12,9,3,6,0,0,0,1,1,0,40,40,10,17,7,4,2,0,0,30,24,6,2,29,0,8,8
52406310,2,52406341,,2,1,1,*,*,*,*,*,*,*,*,*,*,*,*,*,*,*,*,*,*,*,*,*,*,*,*,*,*,*,*,*,*,1,1,*,*,*,*,*,*,*,*,*,*,*,*,*,*,*
52406320,2,52406341,,2,1,1,*,*,*,*,*,*,*,*,*,*,*,*,*,*,*,*,*,*,*,*,*,*,*,*,*,*,*,*,*,*,1,1,*,*,*,*,*,*,*,*,*,*,*,*,*,*,*
52406330,0,,,17,11,6,0,0,0,17,11,6,12,7,5,17,11,6,17,11,6,5,4,1,3,2,1,1,1,0,0,0,0,0,0,0,10,10,6,2,1,1,0,0,0,4,2,2,0,4,0,1,1
52406340,0,,,49,26,23,5,4,1,44,22,22,25,14,11,44,22,22,44,22,22,19,8,11,11,4,7,2,1,1,0,0,0,1,1,0,19,19,3,8,3,4,1,0,0,16,13,3,0,12,0,2,6
52406341,1,,52406310;52406320,114,54,60,6,4,2,112,52,60,62,30,32,110,52,58,110,52,58,50,22,28,26,7,19,12,2,10,0,0,0,0,0,0,49,49,19,16,8,2,2,3,1,31,20,11,1,36,0,13,7
52406350,0,,,100,47,53,6,2,4,94,45,49,46,24,22,92,45,47,90,45,45,48,21,27,22,10,12,8,2,6,0,0,0,0,0,0,40,40,9,16,8,3,2,1,1,31,22,9,2,29,0,6,10
52406351,0,,,68,30,38,0,0,0,68,30,38,28,15,13,68,30,38,67,30,37,40,15,25,24,9,15,9,3,6,0,0,0,0,0,0,31,31,7,15,6,2,1,0,0,24,17,7,0,26,0,6,10
52406360,0,,,531,252,279,45,22,23,486,230,256,247,124,123,475,225,250,473,223,250,239,106,133,121,50,71,41,14,27,2,0,2,2,1,1,206,206,43,76,48,21,8,4,6,163,122,41,8,152,0,34,40
52406361,0,,,161,84,77,8,5,3,153,79,74,70,39,31,151,77,74,148,76,72,83,40,43,45,19,26,16,7,9,1,0,1,2,1,1,74,74,27,23,12,8,4,0,0,47,36,11,5,56,0,20,16
52406370,0,,,241,121,120,13,7,6,228,114,114,118,62,56,218,112,106,214,108,106,110,52,58,50,24,26,19,10,9,3,2,1,0,0,0,99,99,29,32,17,13,5,1,2,70,56,14,3,74,0,23,20
52406371,0,,,204,92,112,16,9,7,188,83,105,96,43,53,183,82,101,179,79,100,92,40,52,54,19,35,15,3,12,1,0,1,4,3,1,85,85,24,28,17,10,4,1,1,61,49,12,2,61,0,17,16
52406380,0,,,114,49,65,11,5,6,103,44,59,52,25,27,103,44,59,103,44,59,51,19,32,27,9,18,10,3,7,1,1,0,0,0,0,52,52,22,15,6,3,4,2,0,30,23,7,3,40,0,18,10
52406381,0,,,1105,530,575,107,52,55,998,478,520,593,295,298,975,466,509,961,461,500,405,183,222,206,95,111,44,16,28,6,2,4,41,17,24,471,471,134,172,80,53,20,9,3,333,279,54,27,267,34,66,80
52406382,0,,,63,28,35,5,4,1,58,24,34,24,10,14,58,24,34,57,24,33,34,14,20,21,9,12,7,2,5,0,0,0,2,2,0,29,29,6,16,4,2,1,0,0,23,19,4,1,21,0,5,9
52406390,0,,,897,458,439,154,86,68,743,372,371,494,260,234,716,357,359,704,352,352,249,112,137,164,73,91,59,26,33,2,0,2,8,5,3,344,344,97,88,63,62,22,8,4,246,208,38,35,167,7,53,46
52406391,0,,,1851,905,946,177,83,94,1674,822,852,952,493,459,1623,793,830,1595,776,819,722,329,393,404,167,237,132,53,79,5,4,1,58,28,30,774,774,224,266,140,80,39,18,7,548,439,109,47,491,15,132,131
52406392,0,,,353,194,159,28,18,10,325,176,149,194,108,86,318,169,149,308,162,146,131,68,63,66,32,34,15,7,8,0,0,0,2,0,2,159,159,57,45,32,18,4,3,0,102,82,20,6,90,3,32,26
52407000,0,,,146,77,69,11,8,3,135,69,66,61,32,29,134,68,66,131,65,66,74,37,37,36,19,17,13,4,9,3,0,3,0,0,0,57,57,14,16,16,6,2,3,0,43,31,12,2,42,0,8,11
52407003,0,,,220,106,114,5,2,3,215,104,111,84,44,40,214,103,111,213,102,111,131,60,71,68,27,41,24,9,15,3,0,3,0,0,0,88,88,25,27,17,11,3,4,1,63,44,19,3,79,0,20,18
52407004,0,,,581,198,383,9,6,3,572,192,380,73,39,34,572,192,380,572,192,380,499,153,346,401,103,298,290,55,235,67,7,60,0,0,0,90,87,27,30,18,9,2,1,0,58,45,13,2,75,0,22,17
52407005,0,,,91,47,44,6,2,4,85,45,40,50,29,21,81,41,40,80,41,39,35,16,19,16,5,11,2,0,2,0,0,0,0,0,0,33,33,5,12,4,11,0,1,0,28,21,7,0,23,0,2,4
52407008,2,52407029,,1,0,1,*,*,*,*,*,*,*,*,*,*,*,*,*,*,*,*,*,*,*,*,*,*,*,*,*,*,*,*,*,*,1,1,*,*,*,*,*,*,*,*,*,*,*,*,*,*,*
52407010,0,,,324,145,179,0,0,0,324,145,179,24,16,8,324,145,179,324,145,179,300,129,171,252,92,160,162,45,117,13,3,10,0,0,0,17,16,7,4,4,1,0,0,0,9,8,1,0,11,0,4,0
52407013,0,,,24,13,11,2,1,1,22,12,10,10,6,4,21,11,10,21,11,10,12,6,6,6,4,2,1,1,0,0,0,0,0,0,0,8,8,1,2,3,1,0,1,0,7,2,5,0,8,0,1,2
52407014,0,,,129,65,64,6,2,4,123,63,60,66,36,30,122,63,59,118,60,58,57,27,30,26,7,19,11,1,10,0,0,0,0,0,0,48,48,11,10,13,11,3,0,0,37,26,11,1,38,0,10,7
52407015,0,,,46,20,26,3,2,1,43,18,25,24,11,13,43,18,25,41,16,25,19,7,12,11,3,8,4,1,3,0,0,0,0,0,0,21,21,8,7,2,3,0,1,0,13,12,1,1,14,0,6,5
52407019,0,,,12,6,6,0,0,0,12,6,6,2,2,0,12,6,6,12,6,6,10,4,6,3,0,3,2,0,2,1,0,1,0,0,0,6,6,2,2,2,0,0,0,0,4,3,1,0,6,0,2,1
52407020,0,,,20,12,8,0,0,0,20,12,8,9,5,4,20,12,8,20,12,8,11,7,4,4,2,2,3,2,1,2,1,1,0,0,0,10,10,4,3,2,1,0,0,0,6,5,1,0,8,0,4,2
52407023,0,,,113,53,60,4,1,3,108,51,57,54,29,25,108,51,57,105,50,55,54,22,32,29,11,18,15,6,9,2,0,2,2,1,1,49,49,12,20,10,6,0,0,1,35,29,6,2,34,3,7,9
52407024,0,,,121,60,61,5,3,2,116,57,59,65,35,30,111,54,57,110,53,57,51,22,29,24,9,15,7,2,5,0,0,0,0,0,0,51,51,15,14,15,4,2,0,1,36,27,9,2,35,0,12,8
52407025,0,,,183,86,97,13,6,7,170,80,90,85,41,44,167,80,87,165,79,86,85,39,46,39,15,24,16,6,10,1,0,1,1,0,1,76,76,15,34,14,9,2,2,0,61,48,13,5,54,0,11,23
52407027,2,52407037,,10,3,7,*,*,*,*,*,*,*,*,*,*,*,*,*,*,*,*,*,*,*,*,*,*,*,*,*,*,*,*,*,*,3,3,*,*,*,*,*,*,*,*,*,*,*,*,*,*,*
52407029,1,,52407008;52407039,53,24,29,2,1,1,54,24,30,30,13,17,52,23,29,52,23,29,24,11,13,12,2,10,3,0,3,0,0,0,0,0,0,24,24,8,11,5,0,1,1,0,18,13,5,0,19,0,5,6
52407031,0,,,19,12,7,2,2,0,17,10,7,9,6,3,15,8,7,14,7,7,8,4,4,7,4,3,2,1,1,0,0,0,0,0,0,6,6,1,1,1,2,1,0,0,5,3,2,1,5,0,1,1
52407032,1,,52407042,35,18,17,3,1,2,33,17,16,21,11,10,33,17,16,33,17,16,12,6,6,5,2,3,3,2,1,0,0,0,0,0,0,19,19,8,9,2,1,0,0,0,11,11,0,1,9,0,5,2
52407033,0,,,56,32,24,1,1,0,55,31,24,22,14,8,54,30,24,54,30,24,33,17,16,18,8,10,8,3,5,0,0,0,6,4,2,28,27,10,10,5,2,0,0,0,17,16,1,0,20,0,7,7
52407034,1,,52407043,58,33,25,5,2,3,63,35,28,38,22,16,61,34,27,61,34,27,25,13,12,8,2,6,1,1,0,0,0,0,4,4,0,24,24,7,7,5,8,0,0,0,19,11,8,2,18,4,2,1
52407035,0,,,193,89,104,11,7,4,182,82,100,89,45,44,177,81,96,174,80,94,93,37,56,48,14,34,9,1,8,1,0,1,1,0,1,88,88,31,31,11,9,5,1,0,57,44,13,3,62,0,20,15
52407036,0,,,122,56,66,9,4,5,113,52,61,60,31,29,108,51,57,107,50,57,53,21,32,22,7,15,5,1,4,1,0,1,0,0,0,50,50,11,20,11,3,4,1,0,39,30,9,1,34,0,6,10
52407037,1,,52407027,117,52,65,6,0,6,121,55,66,60,29,31,121,55,66,120,54,66,61,26,35,29,7,22,11,2,9,3,1,2,0,0,0,42,42,5,18,7,10,5,0,0,40,23,17,2,40,0,4,10
52407038,0,,,23,10,13,3,2,1,20,8,12,10,4,6,20,8,12,20,8,12,10,4,6,7,3,4,3,2,1,0,0,0,2,1,1,7,7,1,1,1,3,1,0,0,6,2,4,2,6,0,1,1
52407039,2,52407029,,2,1,1,*,*,*,*,*,*,*,*,*,*,*,*,*,*,*,*,*,*,*,*,*,*,*,*,*,*,*,*,*,*,1,1,*,*,*,*,*,*,*,*,*,*,*,*,*,*,*
52407041,0,,,14,7,7,3,1,2,11,6,5,8,5,3,11,6,5,11,6,5,3,1,2,2,1,1,0,0,0,0,0,0,0,0,0,4,4,1,1,0,0,1,1,0,3,1,2,1,2,0,1,0
52407042,2,52407032,,1,0,1,*,*,*,*,*,*,*,*,*,*,*,*,*,*,*,*,*,*,*,*,*,*,*,*,*,*,*,*,*,*,1,1,*,*,*,*,*,*,*,*,*,*,*,*,*,*,*
52407043,2,52407034,,10,4,6,*,*,*,*,*,*,*,*,*,*,*,*,*,*,*,*,*,*,*,*,*,*,*,*,*,*,*,*,*,*,3,3,*,*,*,*,*,*,*,*,*,*,*,*,*,*,*
52407044,0,,,171,88,83,8,4,4,162,83,79,80,43,37,157,80,77,154,77,77,82,40,42,36,13,23,15,4,11,0,0,0,1,0,1,72,72,18,30,11,9,1,2,1,54,42,12,1,54,0,14,17
52407045,0,,,220,102,118,22,6,16,198,96,102,116,60,56,194,94,100,188,90,98,82,36,46,43,18,25,16,6,10,0,0,0,2,1,1,85,85,17,37,13,9,4,2,3,67,54,13,7,55,0,8,19
52407046,1,,52407047,233,121,112,29,13,16,205,108,97,112,66,46,198,103,95,196,103,93,93,42,51,39,16,23,14,5,9,4,2,2,1,0,1,90,90,21,30,19,13,4,4,0,70,51,19,8,59,0,14,15
52407047,2,52407046,,1,0,1,*,*,*,*,*,*,*,*,*,*,*,*,*,*,*,*,*,*,*,*,*,*,*,*,*,*,*,*,*,*,1,1,*,*,*,*,*,*,*,*,*,*,*,*,*,*,*
52407048,0,,,11,5,6,0,0,0,11,5,6,6,3,3,10,5,5,9,5,4,5,2,3,2,1,1,1,0,1,0,0,0,0,0,0,4,4,1,0,2,1,0,0,0,3,1,2,0,3,0,0,0
52407049,0,,,10,5,5,0,0,0,10,5,5,2,1,1,10,5,5,10,5,5,8,4,4,3,1,2,1,0,1,0,0,0,1,0,1,5,5,2,1,2,0,0,0,0,3,2,1,0,5,0,2,1
52407050,2,52407060,,7,3,4,*,*,*,*,*,*,*,*,*,*,*,*,*,*,*,*,*,*,*,*,*,*,*,*,*,*,*,*,*,*,2,2,*,*,*,*,*,*,*,*,*,*,*,*,*,*,*
52407054,0,,,45,17,28,0,0,0,41,16,25,6,4,2,41,16,25,41,16,25,35,12,23,31,9,22,17,3,14,4,0,4,0,0,0,12,11,3,6,1,1,0,0,0,7,7,0,0,9,0,3,4
52407055,0,,,295,150,145,34,20,14,261,130,131,164,82,82,251,126,125,245,123,122,97,48,49,41,15,26,14,5,9,0,0,0,0,0,0,114,114,25,41,26,8,11,0,3,89,76,13,9,67,1,18,20
52407056,0,,,665,317,348,34,20,14,626,294,332,308,151,157,615,288,327,605,286,319,318,143,175,167,65,102,53,21,32,2,0,2,2,0,2,289,289,77,116,49,30,14,2,1,210,171,39,7,208,1,53,73
52407058,0,,,65,33,32,3,2,1,62,31,31,30,16,14,61,31,30,60,30,30,32,15,17,16,6,10,7,2,5,0,0,0,0,0,0,28,28,8,9,7,3,0,1,0,20,16,4,1,23,0,8,4
52407059,0,,,29,14,15,0,0,0,29,14,15,14,7,7,29,14,15,29,14,15,15,7,8,7,3,4,3,1,2,0,0,0,1,1,0,13,13,4,4,3,2,0,0,0,9,7,2,0,10,0,1,3
52407060,1,,52407050,11,6,5,2,0,2,16,9,7,6,3,3,16,9,7,16,9,7,10,6,4,4,3,1,2,1,1,1,1,0,0,0,0,5,5,1,4,1,0,0,1,0,6,5,1,0,5,0,0,2
52407063,2,52407064,,6,3,3,*,*,*,*,*,*,*,*,*,*,*,*,*,*,*,*,*,*,*,*,*,*,*,*,*,*,*,*,*,*,2,2,*,*,*,*,*,*,*,*,*,*,*,*,*,*,*
52407064,1,,52407063,259,124,135,26,14,12,235,110,125,135,68,67,224,103,121,222,103,119,100,42,58,54,24,30,15,4,11,2,0,2,0,0,0,83,83,10,31,12,17,7,4,4,73,51,22,6,64,1,7,14
52407065,0,,,228,116,112,18,8,10,210,108,102,125,70,55,207,106,101,206,105,101,85,38,47,48,19,29,16,3,13,0,0,0,2,1,1,84,84,16,32,18,7,4,4,3,68,50,18,5,60,0,10,14
52407066,0,,,105,57,48,8,6,2,97,51,46,54,31,23,94,49,45,93,48,45,43,20,23,20,9,11,8,2,6,0,0,0,0,0,0,45,45,16,11,10,4,3,1,0,29,21,8,1,34,0,13,6
52407067,0,,,45,17,28,2,0,2,43,17,26,16,7,9,42,17,25,41,17,24,27,10,17,15,3,12,7,0,7,1,0,1,0,0,0,24,24,13,7,1,1,1,1,0,11,8,3,0,21,0,11,4
52407068,0,,,41,20,21,3,2,1,38,18,20,16,9,7,37,18,19,37,18,19,22,9,13,8,2,6,4,0,4,1,0,1,0,0,0,16,16,2,8,2,3,1,0,0,14,10,4,1,14,0,2,5
52407070,0,,,33,19,14,5,3,2,28,16,12,18,11,7,26,14,12,26,14,12,10,5,5,2,1,1,1,1,0,0,0,0,0,0,0,12,12,2,5,1,3,0,1,0,10,9,1,1,6,0,1,3
52407072,2,52407073,,11,5,6,*,*,*,*,*,*,*,*,*,*,*,*,*,*,*,*,*,*,*,*,*,*,*,*,*,*,*,*,*,*,2,2,*,*,*,*,*,*,*,*,*,*,*,*,*,*,*
52407073,1,,52407072,267,126,141,14,3,11,259,125,134,138,76,62,251,122,129,248,120,128,121,49,72,59,21,38,21,7,14,1,0,1,0,0,0,106,106,26,33,27,13,4,2,3,81,60,21,0,74,0,11,17
52407074,0,,,363,174,189,34,13,21,327,159,168,193,97,96,317,151,166,313,150,163,134,62,72,56,25,31,19,4,15,3,2,1,5,0,5,144,144,34,52,27,17,9,4,1,108,88,20,7,82,5,13,25
52407075,0,,,275,134,141,16,5,11,259,129,130,153,76,77,254,129,125,249,126,123,106,53,53,48,20,28,14,3,11,2,1,1,1,0,1,108,108,26,34,26,13,4,4,1,81,61,20,5,70,1,17,19
52407076,0,,,71,35,36,4,0,4,67,35,32,37,19,18,65,34,31,64,33,31,30,16,14,9,5,4,3,1,2,1,0,1,1,0,1,27,27,3,13,4,5,2,0,0,24,21,3,2,19,0,2,9
52407077,0,,,90,45,45,6,4,2,84,41,43,43,20,23,83,41,42,80,41,39,41,21,20,21,9,12,4,0,4,0,0,0,1,0,1,31,31,5,13,4,3,3,1,2,26,12,14,1,27,0,4,5
52407080,0,,,60,25,35,4,1,3,56,24,32,22,10,12,56,24,32,56,24,32,34,14,20,16,5,11,5,0,5,1,0,1,0,0,0,23,23,4,8,5,5,1,0,0,19,13,6,0,19,0,2,6
52407082,0,,,103,53,50,10,7,3,93,46,47,58,28,30,90,43,47,90,43,47,35,18,17,18,9,9,5,1,4,0,0,0,1,0,1,35,35,6,11,7,4,6,0,1,29,20,9,4,24,0,5,6
52407083,0,,,324,169,155,21,12,9,294,153,141,162,92,70,287,149,138,286,149,137,132,61,71,64,27,37,21,7,14,1,1,0,4,3,1,132,132,29,50,31,13,4,5,0,101,80,21,8,86,3,12,24
52407084,0,,,437,225,212,26,15,11,406,205,201,229,119,110,394,195,199,387,191,196,177,86,91,93,39,54,33,8,25,2,0,2,13,11,2,158,158,39,41,34,21,12,8,3,117,87,30,6,109,8,20,23
52407085,0,,,120,61,59,8,5,3,112,56,56,72,39,33,108,53,55,104,51,53,40,17,23,21,8,13,9,4,5,1,1,0,0,0,0,42,42,8,11,12,4,4,3,0,34,27,7,2,28,0,6,5
52407086,0,,,220,113,107,10,5,5,210,108,102,112,67,45,204,103,101,201,101,100,98,41,57,50,17,33,22,4,18,3,0,3,0,0,0,73,73,13,21,18,8,6,2,5,60,33,27,2,61,0,9,9
52407087,0,,,70,33,37,0,0,0,70,33,37,39,21,18,67,32,35,66,32,34,31,12,19,16,6,10,7,3,4,0,0,0,1,0,1,28,28,8,7,7,4,1,1,0,20,14,6,0,20,0,6,4
52407088,0,,,26,14,12,2,1,1,24,13,11,10,6,4,24,13,11,24,13,11,14,7,7,7,3,4,5,2,3,0,0,0,0,0,0,8,8,1,1,5,0,0,0,1,7,5,2,1,7,0,0,1
52407089,0,,,242,93,149,8,3,5,232,88,144,39,17,22,231,88,143,230,88,142,193,71,122,158,46,112,102,29,73,16,3,13,2,0,2,39,36,10,11,8,4,1,1,1,26,18,8,1,28,0,7,5
52407090,0,,,68,33,35,7,2,5,61,31,30,39,22,17,59,31,28,59,31,28,22,9,13,11,5,6,4,2,2,0,0,0,0,0,0,24,24,7,8,2,2,1,3,1,17,11,6,3,14,0,3,2
52407091,0,,,24,15,9,0,0,0,24,15,9,14,8,6,24,15,9,23,14,9,10,7,3,6,3,3,5,2,3,0,0,0,0,0,0,12,12,4,5,2,1,0,0,0,8,6,2,0,9,0,3,0
52407092,0,,,121,58,63,6,1,5,115,57,58,68,36,32,114,57,57,113,57,56,47,21,26,20,6,14,13,4,9,0,0,0,1,0,1,46,46,8,15,14,6,1,2,0,38,28,10,2,32,0,7,11
52407093,0,,,111,49,62,12,3,9,99,46,53,60,29,31,97,46,51,95,45,50,39,17,22,22,9,13,8,1,7,2,0,2,0,0,0,38,38,6,10,12,4,4,1,1,32,20,12,2,23,0,2,4
52407094,0,,,432,208,224,41,21,20,387,184,203,221,112,109,378,182,196,373,181,192,166,72,94,96,38,58,30,8,22,4,1,3,2,2,0,151,150,31,43,35,25,8,3,5,116,81,35,11,103,2,18,21
52407095,0,,,240,120,120,25,12,13,211,104,107,119,63,56,207,101,106,205,101,104,92,41,51,43,15,28,14,3,11,0,0,0,0,0,0,95,95,20,35,18,15,6,1,0,74,58,16,4,57,0,10,18
52407096,0,,,81,45,36,16,9,7,65,36,29,41,24,17,65,36,29,63,35,28,24,12,12,4,2,2,2,1,1,0,0,0,0,0,0,29,29,5,8,6,8,2,0,0,24,21,3,5,12,1,2,6
52407098,0,,,12,0,12,0,0,0,11,0,11,11,0,11,11,0,11,10,0,10,0,0,0,0,0,0,0,0,0,0,0,0,0,0,0,12,12,12,0,0,0,0,0,0,0,0,0,0,0,6,0,0
52407101,2,52407102,,1,0,1,*,*,*,*,*,*,*,*,*,*,*,*,*,*,*,*,*,*,*,*,*,*,*,*,*,*,*,*,*,*,1,1,*,*,*,*,*,*,*,*,*,*,*,*,*,*,*
52407102,1,,52407101;52407111,65,33,32,3,2,1,68,34,34,30,14,16,68,34,34,68,34,34,38,20,18,20,9,11,10,4,6,2,0,2,0,0,0,27,27,8,10,7,4,0,1,0,21,13,8,2,25,0,7,4
52407103,0,,,132,65,67,11,4,7,121,61,60,65,32,33,119,60,59,118,60,58,56,29,27,21,9,12,9,3,6,0,0,0,1,0,1,48,48,7,18,13,4,2,4,0,40,29,11,1,41,0,6,11
52407104,0,,,9,5,4,0,0,0,9,5,4,9,5,4,9,5,4,7,4,3,0,0,0,0,0,0,0,0,0,0,0,0,2,0,2,9,9,9,0,0,0,0,0,0,0,0,0,0,0,4,0,0
52407105,0,,,259,124,135,16,10,6,243,114,129,114,56,58,239,112,127,235,110,125,129,58,71,68,28,40,29,11,18,2,1,1,3,1,2,117,117,37,43,22,8,4,3,0,78,67,11,4,92,0,32,28
52407106,0,,,125,65,60,21,13,8,103,51,52,63,35,28,100,50,50,99,49,50,40,16,24,21,8,13,9,3,6,1,0,1,5,5,0,53,53,20,13,10,5,2,2,1,33,28,5,5,28,5,9,6
52407107,0,,,146,74,72,10,5,5,135,68,67,73,35,38,133,68,65,133,68,65,62,33,29,32,16,16,13,8,5,1,1,0,0,0,0,54,54,15,17,7,6,5,2,2,38,26,12,3,41,0,9,5
52407108,0,,,23,8,15,5,1,4,18,7,11,13,5,8,17,7,10,17,7,10,5,2,3,2,0,2,1,0,1,0,0,0,0,0,0,9,9,3,1,3,1,1,0,0,6,5,1,2,4,0,1,1
52407109,0,,,56,28,28,4,3,1,52,25,27,25,13,12,50,23,27,50,23,27,27,12,15,10,4,6,4,1,3,2,0,2,0,0,0,20,19,3,6,2,6,2,0,0,16,8,8,0,14,0,1,3
52407111,2,52407102,,5,3,2,*,*,*,*,*,*,*,*,*,*,*,*,*,*,*,*,*,*,*,*,*,*,*,*,*,*,*,*,*,*,2,2,*,*,*,*,*,*,*,*,*,*,*,*,*,*,*
52407112,0,,,144,78,66,9,6,3,131,69,62,55,34,21,129,67,62,127,65,62,76,35,41,37,12,25,15,7,8,2,1,1,0,0,0,62,62,24,17,6,11,2,0,2,38,26,12,2,49,0,17,12
52407113,1,,52407124,75,33,42,3,1,2,77,34,43,35,16,19,75,33,42,75,33,42,42,18,24,29,11,18,8,1,7,1,0,1,2,1,1,32,32,10,12,6,3,2,1,0,24,16,8,2,28,1,7,5
52407116,1,,52407125,123,68,55,3,1,2,123,68,55,62,33,29,119,64,55,119,64,55,61,35,26,27,12,15,14,6,8,0,0,0,0,0,0,52,51,15,17,13,5,2,0,1,38,22,16,2,40,0,10,7
52407117,0,,,25,11,14,3,0,3,22,11,11,9,5,4,22,11,11,22,11,11,13,6,7,9,4,5,3,2,1,0,0,0,0,0,0,9,9,1,4,2,0,2,0,0,8,6,2,0,7,0,0,2
52407119,0,,,15,6,9,0,0,0,15,6,9,3,1,2,15,6,9,15,6,9,12,5,7,6,3,3,2,1,1,0,0,0,0,0,0,6,6,0,3,3,0,0,0,0,6,5,1,0,6,0,0,3
52407121,0,,,44,24,20,4,3,1,40,21,19,19,10,9,40,21,19,40,21,19,21,11,10,11,6,5,7,3,4,1,0,1,0,0,0,14,14,2,5,3,2,0,0,2,12,7,5,1,14,0,2,1
52407122,0,,,160,78,82,6,1,5,154,77,77,70,37,33,148,74,74,146,73,73,84,40,44,46,18,28,22,8,14,0,0,0,3,2,1,70,70,26,21,9,7,6,0,1,44,30,14,0,58,1,20,13
52407123,0,,,23,14,9,2,1,1,21,13,8,16,10,6,20,13,7,20,13,7,5,3,2,4,2,2,1,1,0,0,0,0,8,8,0,15,15,10,3,1,1,0,0,0,5,4,1,1,3,4,0,3
52407124,2,52407113,,5,2,3,*,*,*,*,*,*,*,*,*,*,*,*,*,*,*,*,*,*,*,*,*,*,*,*,*,*,*,*,*,*,2,2,*,*,*,*,*,*,*,*,*,*,*,*,*,*,*
52407125,2,52407116,,3,1,2,*,*,*,*,*,*,*,*,*,*,*,*,*,*,*,*,*,*,*,*,*,*,*,*,*,*,*,*,*,*,2,2,*,*,*,*,*,*,*,*,*,*,*,*,*,*,*
52407126,0,,,54,27,27,4,3,1,50,24,26,34,14,20,48,23,25,44,22,22,16,10,6,14,8,6,7,5,2,3,3,0,0,0,0,18,18,5,2,3,5,2,1,0,13,7,6,0,13,0,4,0
52407128,0,,,23,12,11,0,0,0,23,12,11,12,7,5,23,12,11,23,12,11,11,5,6,5,2,3,0,0,0,0,0,0,0,0,0,10,10,2,4,3,1,0,0,0,8,4,4,0,8,0,2,2
52407129,0,,,68,38,30,1,1,0,67,37,30,29,18,11,67,37,30,65,35,30,38,19,19,19,8,11,4,1,3,0,0,0,0,0,0,34,34,12,14,5,2,1,0,0,22,19,3,0,25,0,7,10
52407130,0,,,11,6,5,0,0,0,11,6,5,3,2,1,11,6,5,11,6,5,8,4,4,2,1,1,0,0,0,0,0,0,0,0,0,5,5,0,4,1,0,0,0,0,5,5,0,0,5,0,0,3
52407131,0,,,19,8,11,0,0,0,19,8,11,3,1,2,19,8,11,19,8,11,16,7,9,11,5,6,3,1,2,0,0,0,0,0,0,9,9,2,5,1,1,0,0,0,7,5,2,0,9,0,2,5
52407132,0,,,24,10,14,0,0,0,24,10,14,8,4,4,23,9,14,23,9,14,16,6,10,11,3,8,8,2,6,0,0,0,0,0,0,12,12,5,2,5,0,0,0,0,7,4,3,0,11,0,5,2
52407133,0,,,13,8,5,0,0,0,13,8,5,9,6,3,13,8,5,13,8,5,4,2,2,3,1,2,2,1,1,0,0,0,1,1,0,6,6,2,2,1,1,0,0,0,3,3,0,0,3,1,1,1
52407138,0,,,41,19,22,0,0,0,41,19,22,19,10,9,40,19,21,39,19,20,22,9,13,16,6,10,4,0,4,0,0,0,0,0,0,15,15,1,8,3,1,1,1,0,14,10,4,0,14,0,1,4
52407139,0,,,1078,480,598,50,26,24,1028,454,574,362,180,182,1010,447,563,999,442,557,666,274,392,459,169,290,237,67,170,41,6,35,1,0,1,264,257,69,101,44,26,8,7,2,188,157,31,9,177,5,45,53
52407140,0,,,18,9,9,0,0,0,18,9,9,8,5,3,18,9,9,18,9,9,10,4,6,5,1,4,3,1,2,0,0,0,0,0,0,7,7,2,2,1,1,1,0,0,5,4,1,0,6,0,1,1
52407141,0,,,102,49,53,4,3,1,95,44,51,46,21,25,94,43,51,93,43,50,49,23,26,22,7,15,9,3,6,1,1,0,0,0,0,44,44,13,19,6,1,3,0,2,31,24,7,0,33,0,8,9
52407142,0,,,58,29,29,1,1,0,57,28,29,29,14,15,56,28,28,55,27,28,28,14,14,15,7,8,5,2,3,0,0,0,0,0,0,18,18,3,4,5,1,3,1,1,15,7,8,1,17,0,3,3
52407144,1,,52407145;52407153,29,13,16,1,0,1,38,19,19,13,9,4,38,19,19,38,19,19,25,10,15,17,7,10,7,4,3,1,0,1,0,0,0,15,15,7,12,1,0,1,0,0,14,13,1,1,18,0,7,7
52407145,2,52407144,,7,5,2,*,*,*,*,*,*,*,*,*,*,*,*,*,*,*,*,*,*,*,*,*,*,*,*,*,*,*,*,*,*,4,4,*,*,*,*,*,*,*,*,*,*,*,*,*,*,*
52407146,2,52407156,,6,4,2,*,*,*,*,*,*,*,*,*,*,*,*,*,*,*,*,*,*,*,*,*,*,*,*,*,*,*,*,*,*,2,2,*,*,*,*,*,*,*,*,*,*,*,*,*,*,*
52407148,2,52407149,,5,1,4,*,*,*,*,*,*,*,*,*,*,*,*,*,*,*,*,*,*,*,*,*,*,*,*,*,*,*,*,*,*,2,2,*,*,*,*,*,*,*,*,*,*,*,*,*,*,*
52407149,1,,52407148,915,432,483,95,42,53,822,389,433,486,239,247,790,371,419,774,363,411,336,150,186,199,79,120,65,23,42,8,2,6,9,1,8,393,393,127,121,72,48,19,8,0,265,227,38,18,237,14,78,50
52407150,0,,,35,17,18,5,2,3,30,15,15,7,3,4,30,15,15,30,15,15,23,12,11,14,7,7,4,2,2,0,0,0,0,0,0,14,14,5,4,3,0,0,1,1,9,6,3,1,14,0,5,2
52407151,0,,,72,38,34,4,3,1,68,35,33,31,17,14,68,35,33,68,35,33,37,18,19,18,7,11,6,1,5,0,0,0,1,0,1,30,30,8,12,3,5,1,1,0,22,15,7,1,26,0,6,5
52407152,0,,,51,28,23,2,2,0,48,25,23,23,13,10,48,25,23,47,24,23,25,12,13,19,9,10,6,3,3,0,0,0,0,0,0,19,19,4,6,4,2,3,0,0,15,9,6,0,15,0,2,5
52407153,2,52407144,,3,1,2,*,*,*,*,*,*,*,*,*,*,*,*,*,*,*,*,*,*,*,*,*,*,*,*,*,*,*,*,*,*,2,2,*,*,*,*,*,*,*,*,*,*,*,*,*,*,*
52407154,1,,52407163,20,8,12,0,0,0,22,9,13,9,5,4,21,8,13,20,7,13,13,4,9,10,4,6,0,0,0,0,0,0,0,0,0,8,8,3,3,0,2,1,0,0,6,3,3,0,9,0,3,3
52407155,2,52407156,,7,4,3,*,*,*,*,*,*,*,*,*,*,*,*,*,*,*,*,*,*,*,*,*,*,*,*,*,*,*,*,*,*,4,4,*,*,*,*,*,*,*,*,*,*,*,*,*,*,*
52407156,1,,52407146;52407155;52407157;52407166,16,8,8,0,0,0,35,18,17,16,7,9,34,18,16,33,18,15,19,11,8,13,6,7,5,3,2,0,0,0,3,0,3,9,9,11,6,1,1,1,0,0,9,8,1,0,13,1,6,4
52407157,2,52407156,,5,1,4,*,*,*,*,*,*,*,*,*,*,*,*,*,*,*,*,*,*,*,*,*,*,*,*,*,*,*,*,*,*,4,4,*,*,*,*,*,*,*,*,*,*,*,*,*,*,*
52407158,0,,,130,63,67,18,11,7,112,52,60,51,23,28,109,51,58,109,51,58,61,29,32,32,12,20,14,6,8,0,0,0,0,0,0,42,42,4,13,13,5,4,1,2,38,24,14,4,35,0,4,11
52407159,0,,,665,316,349,72,34,38,587,277,310,282,146,136,576,270,306,564,265,299,305,131,174,182,72,110,83,23,60,17,4,13,9,3,6,262,258,89,82,36,29,11,10,1,168,133,35,21,160,8,51,44
52407160,0,,,12,6,6,0,0,0,12,6,6,6,3,3,12,6,6,12,6,6,6,3,3,3,1,2,1,0,1,0,0,0,0,0,0,4,4,0,1,2,1,0,0,0,4,3,1,0,3,0,0,1
52407161,0,,,174,82,92,11,7,4,163,75,88,69,30,39,161,75,86,159,75,84,94,45,49,49,21,28,19,9,10,2,0,2,0,0,0,72,72,20,29,8,7,5,2,1,51,34,17,1,61,0,14,21
52407162,0,,,57,28,29,3,0,3,54,28,26,25,13,12,53,28,25,52,27,25,29,15,14,12,4,8,7,2,5,2,0,2,1,0,1,23,23,5,10,3,4,0,0,1,18,14,4,1,18,0,3,6
52407163,2,52407154,,2,1,1,*,*,*,*,*,*,*,*,*,*,*,*,*,*,*,*,*,*,*,*,*,*,*,*,*,*,*,*,*,*,1,1,*,*,*,*,*,*,*,*,*,*,*,*,*,*,*
52407164,2,52407174,,9,4,5,*,*,*,*,*,*,*,*,*,*,*,*,*,*,*,*,*,*,*,*,*,*,*,*,*,*,*,*,*,*,2,2,*,*,*,*,*,*,*,*,*,*,*,*,*,*,*
52407166,2,52407156,,1,1,0,*,*,*,*,*,*,*,*,*,*,*,*,*,*,*,*,*,*,*,*,*,*,*,*,*,*,*,*,*,*,1,1,*,*,*,*,*,*,*,*,*,*,*,*,*,*,*
52407167,0,,,45,22,23,0,0,0,45,22,23,18,9,9,45,22,23,45,22,23,27,13,14,16,6,10,6,3,3,1,0,1,1,0,1,22,22,6,10,5,1,0,0,0,16,11,5,0,19,0,6,4
52407168,1,,52407178,117,61,56,13,9,4,113,58,55,66,36,30,110,58,52,109,58,51,47,22,25,22,8,14,11,4,7,2,1,1,2,1,1,42,42,9,15,12,7,1,0,2,37,28,9,2,31,1,6,6
52407169,0,,,285,146,139,22,9,13,263,137,126,147,81,66,259,135,124,257,135,122,116,56,60,48,24,24,11,3,8,3,1,2,4,4,0,121,121,33,39,29,13,7,0,0,88,68,20,11,74,5,16,20
52407170,2,52407171,,6,2,4,*,*,*,*,*,*,*,*,*,*,*,*,*,*,*,*,*,*,*,*,*,*,*,*,*,*,*,*,*,*,2,2,*,*,*,*,*,*,*,*,*,*,*,*,*,*,*
52407171,1,,52407170,132,66,66,5,1,4,133,67,66,66,36,30,132,67,65,130,65,65,67,31,36,34,14,20,12,3,9,0,0,0,0,0,0,47,47,12,12,8,12,3,0,2,36,20,16,1,42,0,8,9
52407172,0,,,38,23,15,1,0,1,37,23,14,16,10,6,36,22,14,36,22,14,21,13,8,13,7,6,3,2,1,0,0,0,0,0,0,15,15,4,6,1,1,3,0,0,11,6,5,1,13,0,3,4
52407174,1,,52407164;52407184,41,19,22,2,1,1,54,26,28,29,17,12,51,24,27,50,23,27,25,9,16,15,4,11,7,0,7,0,0,0,1,1,0,16,16,8,3,3,1,3,1,1,12,6,6,1,16,0,6,2
52407175,0,,,18,9,9,0,0,0,18,9,9,7,3,4,18,9,9,18,9,9,11,6,5,4,2,2,3,1,2,0,0,0,0,0,0,9,9,2,5,2,0,0,0,0,7,7,0,0,8,0,2,2
52407176,2,52407177,,6,3,3,*,*,*,*,*,*,*,*,*,*,*,*,*,*,*,*,*,*,*,*,*,*,*,*,*,*,*,*,*,*,3,3,*,*,*,*,*,*,*,*,*,*,*,*,*,*,*
52407177,1,,52407176,15,5,10,0,0,0,21,8,13,7,4,3,21,8,13,20,8,12,14,4,10,9,2,7,3,0,3,0,0,0,0,0,0,8,8,3,7,0,1,0,0,0,8,8,0,0,10,0,3,2
52407178,2,52407168,,9,6,3,*,*,*,*,*,*,*,*,*,*,*,*,*,*,*,*,*,*,*,*,*,*,*,*,*,*,*,*,*,*,5,4,*,*,*,*,*,*,*,*,*,*,*,*,*,*,*
52407179,0,,,216,112,104,19,9,10,197,103,94,115,63,52,190,100,90,183,96,87,82,40,42,39,16,23,18,7,11,2,1,1,1,1,0,71,71,13,22,15,6,5,7,3,58,34,24,6,52,1,7,13
52407180,0,,,14,6,8,0,0,0,14,6,8,6,2,4,14,6,8,14,6,8,8,4,4,8,4,4,1,1,0,0,0,0,0,0,0,5,5,1,2,1,0,0,1,0,4,2,2,0,5,0,1,2
52407181,1,,52407192,204,94,110,9,7,2,199,89,110,88,37,51,194,87,107,192,87,105,111,52,59,50,19,31,26,8,18,2,2,0,1,0,1,86,86,23,33,18,8,4,1,1,63,46,17,2,71,0,18,18
52407182,0,,,84,39,45,4,2,2,80,37,43,36,20,16,79,37,42,78,36,42,44,17,27,22,6,16,12,3,9,0,0,0,0,0,0,32,32,5,14,7,3,1,1,1,26,17,9,1,26,0,4,9
52407183,0,,,27,15,12,0,0,0,27,15,12,16,9,7,26,15,11,26,15,11,11,6,5,7,5,2,4,3,1,0,0,0,0,0,0,9,9,3,1,2,1,0,2,0,6,3,3,0,6,0,1,1
52407184,2,52407174,,6,4,2,*,*,*,*,*,*,*,*,*,*,*,*,*,*,*,*,*,*,*,*,*,*,*,*,*,*,*,*,*,*,2,2,*,*,*,*,*,*,*,*,*,*,*,*,*,*,*
52407185,1,,52407195,44,22,22,1,0,1,48,24,24,21,12,9,48,24,24,48,24,24,27,12,15,15,6,9,8,4,4,1,1,0,0,0,0,18,18,5,8,1,5,1,0,0,15,10,5,0,15,0,2,3
52407186,0,,,12,6,6,0,0,0,12,6,6,6,3,3,12,6,6,12,6,6,6,3,3,4,2,2,2,2,0,0,0,0,0,0,0,5,5,1,2,1,1,0,0,0,4,4,0,0,4,0,1,1
52407187,0,,,80,44,36,1,1,0,79,43,36,39,25,14,78,42,36,77,41,36,40,18,22,18,6,12,8,3,5,1,0,1,1,0,1,33,33,6,14,6,7,0,0,0,27,19,8,0,25,0,3,8
52407189,0,,,22,12,10,3,2,1,18,9,9,11,7,4,18,9,9,18,9,9,7,2,5,5,1,4,2,0,2,0,0,0,0,0,0,13,13,8,2,2,1,0,0,0,4,3,1,1,4,0,2,0
52407191,0,,,136,74,62,15,9,6,121,65,56,59,32,27,121,65,56,120,65,55,62,33,29,32,15,17,10,4,6,1,0,1,0,0,0,55,55,13,20,11,6,4,1,0,42,34,8,4,40,0,10,12
52407192,2,52407181,,4,2,2,*,*,*,*,*,*,*,*,*,*,*,*,*,*,*,*,*,*,*,*,*,*,*,*,*,*,*,*,*,*,2,2,*,*,*,*,*,*,*,*,*,*,*,*,*,*,*
52407193,0,,,91,52,39,3,2,1,88,50,38,29,18,11,87,49,38,87,49,38,59,32,27,35,19,16,17,9,8,3,2,1,0,0,0,42,42,14,15,8,3,1,1,0,27,21,6,1,36,0,10,13
52407195,2,52407185,,5,2,3,*,*,*,*,*,*,*,*,*,*,*,*,*,*,*,*,*,*,*,*,*,*,*,*,*,*,*,*,*,*,2,2,*,*,*,*,*,*,*,*,*,*,*,*,*,*,*
52407196,1,,52407197,125,69,56,2,1,1,132,71,61,66,36,30,130,70,60,128,68,60,66,35,31,35,16,19,12,6,6,1,0,1,0,0,0,46,45,12,11,16,4,4,1,0,34,22,12,0,39,0,9,8
52407197,2,52407196,,10,3,7,*,*,*,*,*,*,*,*,*,*,*,*,*,*,*,*,*,*,*,*,*,*,*,*,*,*,*,*,*,*,3,3,*,*,*,*,*,*,*,*,*,*,*,*,*,*,*
52407198,0,,,20,11,9,1,1,0,19,10,9,8,4,4,18,9,9,18,9,9,11,6,5,6,3,3,2,2,0,0,0,0,0,0,0,10,10,3,5,1,1,0,0,0,7,7,0,0,7,0,3,4
52407199,0,,,115,56,59,2,2,0,109,52,57,67,31,36,105,50,55,99,47,52,42,21,21,17,9,8,6,3,3,0,0,0,0,0,0,43,43,7,18,7,8,1,1,1,35,27,8,0,30,0,5,6
52407200,0,,,209,100,109,18,8,10,191,92,99,100,48,52,187,90,97,185,89,96,91,44,47,48,22,26,16,7,9,3,2,1,4,0,4,80,79,16,30,11,14,5,3,0,63,49,14,0,57,2,8,18
52407201,0,,,9,5,4,0,0,0,9,5,4,6,4,2,9,5,4,9,5,4,3,1,2,2,1,1,0,0,0,0,0,0,0,0,0,4,4,2,0,1,1,0,0,0,2,2,0,0,2,0,1,0
52407202,2,52407203,,7,3,4,*,*,*,*,*,*,*,*,*,*,*,*,*,*,*,*,*,*,*,*,*,*,*,*,*,*,*,*,*,*,3,3,*,*,*,*,*,*,*,*,*,*,*,*,*,*,*
52407203,1,,52407202,117,57,60,8,4,4,116,56,60,47,23,24,113,56,57,113,56,57,69,33,36,32,15,17,12,3,9,0,0,0,0,0,0,40,40,3,19,9,6,4,2,0,40,27,13,1,38,0,3,15
52407204,0,,,91,47,44,7,3,4,84,44,40,34,18,16,79,42,37,79,42,37,50,26,24,26,13,13,12,5,7,3,2,1,0,0,0,34,34,8,11,8,3,1,2,1,26,18,8,1,29,0,8,6
52407205,0,,,49,29,20,0,0,0,49,29,20,31,21,10,49,29,20,49,29,20,18,8,10,11,6,5,1,0,1,0,0,0,0,0,0,17,16,5,5,5,1,0,0,0,11,9,2,0,11,0,1,4
52407206,0,,,41,22,19,1,0,1,40,22,18,22,13,9,39,21,18,39,21,18,18,9,9,11,5,6,1,0,1,0,0,0,0,0,0,19,19,6,9,2,0,1,1,0,12,10,2,0,14,0,4,2
52407207,1,,52407208,163,80,83,12,6,6,158,78,80,76,42,34,153,76,77,152,75,77,82,36,46,48,19,29,17,9,8,1,1,0,1,0,1,62,62,13,25,13,9,5,0,1,53,36,17,1,55,0,11,14
52407208,2,52407207,,7,4,3,*,*,*,*,*,*,*,*,*,*,*,*,*,*,*,*,*,*,*,*,*,*,*,*,*,*,*,*,*,*,4,4,*,*,*,*,*,*,*,*,*,*,*,*,*,*,*
52407209,0,,,92,50,42,4,3,1,88,47,41,39,23,16,88,47,41,88,47,41,49,24,25,28,10,18,8,0,8,0,0,0,2,0,2,45,45,15,19,7,3,0,1,0,28,21,7,1,35,0,13,8
52407210,0,,,165,83,82,14,5,9,151,78,73,86,49,37,149,78,71,146,78,68,65,29,36,31,11,20,16,4,12,1,0,1,0,0,0,65,65,14,23,13,10,4,1,0,51,37,14,4,41,1,9,6
52407211,1,,52407221,66,34,32,5,2,3,63,34,29,30,18,12,62,34,28,62,34,28,33,16,17,18,8,10,7,4,3,0,0,0,3,2,1,27,27,7,13,4,4,0,0,1,22,18,4,0,18,1,2,10
52407212,2,52407223,,3,2,1,*,*,*,*,*,*,*,*,*,*,*,*,*,*,*,*,*,*,*,*,*,*,*,*,*,*,*,*,*,*,1,1,*,*,*,*,*,*,*,*,*,*,*,*,*,*,*
52407213,0,,,129,67,62,13,7,6,116,60,56,58,31,27,115,60,55,115,60,55,58,29,29,26,9,17,17,5,12,0,0,0,1,0,1,45,45,6,17,10,7,2,0,3,39,30,9,2,37,0,6,8
52407214,0,,,61,30,31,6,3,3,55,27,28,24,13,11,55,27,28,55,27,28,31,14,17,13,5,8,7,2,5,2,0,2,0,0,0,26,26,8,8,5,3,2,0,0,18,11,7,2,19,1,5,4
52407215,0,,,126,63,63,7,3,4,119,60,59,61,35,26,117,58,59,116,58,58,58,25,33,34,14,20,10,4,6,0,0,0,1,1,0,54,54,16,18,10,6,4,0,0,37,31,6,1,39,0,9,9
52407216,0,,,150,81,69,14,8,6,136,73,63,68,36,32,136,73,63,134,71,63,68,37,31,40,20,20,15,8,7,0,0,0,3,0,3,66,66,19,23,17,3,2,2,0,46,35,11,1,47,0,16,10
52407217,0,,,381,180,201,31,11,20,350,169,181,189,99,90,347,167,180,342,165,177,161,70,91,95,37,58,24,11,13,1,0,1,3,1,2,158,158,44,60,20,21,8,2,3,114,88,26,2,113,0,36,27
52407218,1,,52407229,47,26,21,3,3,0,48,26,22,19,11,8,47,26,21,47,26,21,29,15,14,12,6,6,1,1,0,0,0,0,0,0,0,22,22,9,11,3,1,0,0,1,16,15,1,1,19,0,5,6
52407219,0,,,61,23,38,6,2,4,55,21,34,29,11,18,54,21,33,53,21,32,26,10,16,14,5,9,11,3,8,0,0,0,0,0,0,27,27,9,9,4,3,2,0,0,18,15,3,1,16,0,6,3
52407220,0,,,163,91,72,9,4,5,154,87,67,88,56,32,151,84,67,148,83,65,66,31,35,27,11,16,14,4,10,0,0,0,13,13,0,76,76,30,22,14,6,2,1,1,46,38,8,2,45,10,13,12
52407221,2,52407211,,2,2,0,*,*,*,*,*,*,*,*,*,*,*,*,*,*,*,*,*,*,*,*,*,*,*,*,*,*,*,*,*,*,2,2,*,*,*,*,*,*,*,*,*,*,*,*,*,*,*
52407222,0,,,50,27,23,3,0,3,47,27,20,21,14,7,47,27,20,47,27,20,26,13,13,11,5,6,6,2,4,0,0,0,0,0,0,19,19,5,6,4,1,1,2,0,13,9,4,0,16,0,4,4
52407223,1,,52407212,111,57,54,10,6,4,104,53,51,48,25,23,99,51,48,99,51,48,56,28,28,24,13,11,8,4,4,1,1,0,2,1,1,39,39,3,20,7,5,3,0,2,37,23,14,3,32,0,2,14
52407224,2,52407234,,7,5,2,*,*,*,*,*,*,*,*,*,*,*,*,*,*,*,*,*,*,*,*,*,*,*,*,*,*,*,*,*,*,4,4,*,*,*,*,*,*,*,*,*,*,*,*,*,*,*
52407225,2,52407236,,1,0,1,*,*,*,*,*,*,*,*,*,*,*,*,*,*,*,*,*,*,*,*,*,*,*,*,*,*,*,*,*,*,1,1,*,*,*,*,*,*,*,*,*,*,*,*,*,*,*
52407226,0,,,85,44,41,7,6,1,78,38,40,33,18,15,78,38,40,78,38,40,45,20,25,19,7,12,10,2,8,0,0,0,0,0,0,32,32,7,9,9,5,1,0,1,24,16,8,3,24,0,4,8
52407227,0,,,95,44,51,10,2,8,85,42,43,42,23,19,84,42,42,81,40,41,43,19,24,20,8,12,8,2,6,2,1,1,0,0,0,37,37,15,9,2,4,3,3,1,22,13,9,2,30,0,12,4
52407228,0,,,81,41,40,11,4,7,70,37,33,29,14,15,69,37,32,69,37,32,41,23,18,18,11,7,9,5,4,0,0,0,2,1,1,30,30,6,12,5,3,2,0,2,24,17,7,1,25,0,6,9
52407229,2,52407218,,4,3,1,*,*,*,*,*,*,*,*,*,*,*,*,*,*,*,*,*,*,*,*,*,*,*,*,*,*,*,*,*,*,3,3,*,*,*,*,*,*,*,*,*,*,*,*,*,*,*
52407230,0,,,128,59,69,14,7,7,114,52,62,51,23,28,112,52,60,112,52,60,63,29,34,38,13,25,11,3,8,2,0,2,0,0,0,53,53,18,15,10,3,5,1,1,35,25,10,3,41,0,13,9
52407231,0,,,54,29,25,4,2,2,50,27,23,24,13,11,49,27,22,49,27,22,26,14,12,14,7,7,1,1,0,0,0,0,1,0,1,19,19,4,7,2,2,2,2,0,15,10,5,1,16,0,2,5
52407232,0,,,265,135,130,23,14,9,242,121,121,134,69,65,238,120,118,234,117,117,108,52,56,56,23,33,26,7,19,5,3,2,2,1,1,111,111,31,40,20,9,9,1,1,79,62,17,4,71,1,18,20
52407233,0,,,239,121,118,11,8,3,228,113,115,117,63,54,222,112,110,219,112,107,111,50,61,51,24,27,17,6,11,2,1,1,0,0,0,95,95,22,35,18,10,7,3,0,73,52,21,0,71,0,17,19
52407234,1,,52407224,612,312,300,52,23,29,567,294,273,318,166,152,556,287,269,552,286,266,249,128,121,126,57,69,39,16,23,3,1,2,1,0,1,258,257,69,95,52,31,10,3,1,190,159,31,16,169,5,43,46
52407235,0,,,360,177,183,33,12,21,327,165,162,170,87,83,319,160,159,313,157,156,157,78,79,79,33,46,25,10,15,2,0,2,3,0,3,144,144,38,52,21,16,12,4,1,105,77,28,6,101,0,26,33
52407236,1,,52407225,206,104,102,8,4,4,199,100,99,95,52,43,198,99,99,196,98,98,104,48,56,50,21,29,15,7,8,1,1,0,1,0,1,81,81,21,25,20,8,6,1,1,61,43,18,1,68,0,17,16
52407237,0,,,110,52,58,9,4,5,101,48,53,53,26,27,99,48,51,97,47,50,48,22,26,27,12,15,6,3,3,1,0,1,0,0,0,45,45,8,23,8,2,2,0,2,37,26,11,2,30,0,5,13
52407238,2,52407239,,3,1,2,*,*,*,*,*,*,*,*,*,*,*,*,*,*,*,*,*,*,*,*,*,*,*,*,*,*,*,*,*,*,1,1,*,*,*,*,*,*,*,*,*,*,*,*,*,*,*
52407239,1,,52407238,51,28,23,1,0,1,53,29,24,25,15,10,51,28,23,49,27,22,28,14,14,10,5,5,4,2,2,1,0,1,0,0,0,22,22,6,9,3,4,1,0,0,17,13,4,0,19,0,4,6
52407240,0,,,500,225,275,59,23,36,441,202,239,270,137,133,427,195,232,418,191,227,171,65,106,105,36,69,45,13,32,7,2,5,0,0,0,185,184,32,67,43,31,7,3,1,152,131,21,11,102,0,25,28
52407241,0,,,183,84,99,14,7,7,169,77,92,82,40,42,163,74,89,159,72,87,87,37,50,37,11,26,21,4,17,1,0,1,0,0,0,77,77,24,29,9,7,5,1,2,51,39,12,2,57,1,20,13
52407242,0,,,86,42,44,7,3,4,79,39,40,37,21,16,79,39,40,78,38,40,42,18,24,18,6,12,7,3,4,0,0,0,1,0,1,37,37,14,10,8,1,1,2,1,23,15,8,2,29,1,8,7
52407243,0,,,59,25,34,6,1,5,53,24,29,32,14,18,53,24,29,53,24,29,21,10,11,13,5,8,5,2,3,0,0,0,0,0,0,25,25,7,8,6,2,2,0,0,18,16,2,2,14,0,4,3
52407244,0,,,444,216,228,63,27,36,381,189,192,250,128,122,373,187,186,365,182,183,131,61,70,64,25,39,22,7,15,1,1,0,0,0,0,169,169,42,53,32,25,9,4,4,126,104,22,16,85,1,22,24
52407245,0,,,528,219,309,35,20,15,493,199,294,224,117,107,490,198,292,484,194,290,269,82,187,179,44,135,102,17,85,15,2,13,3,2,1,154,150,46,48,32,16,3,2,3,103,84,19,10,98,2,26,23
52407246,0,,,78,36,42,6,4,2,72,32,40,45,21,24,69,31,38,68,30,38,27,11,16,14,3,11,5,1,4,2,0,2,7,2,5,26,26,6,6,7,1,3,1,2,18,10,8,2,20,0,4,1
52407247,0,,,40,19,21,3,3,0,37,16,21,15,8,7,37,16,21,37,16,21,22,8,14,12,4,8,3,1,2,0,0,0,0,0,0,17,17,5,6,4,1,0,0,1,12,9,3,0,14,0,4,2
52407248,0,,,106,49,57,4,3,1,102,46,56,53,23,30,99,46,53,99,46,53,49,23,26,27,12,15,13,4,9,0,0,0,2,0,2,43,43,7,17,13,5,0,1,0,36,27,9,1,31,0,6,9
52407249,0,,,121,59,62,11,5,6,110,54,56,43,21,22,108,54,54,107,53,54,67,33,34,33,17,16,10,4,6,0,0,0,0,0,0,50,50,10,25,5,6,2,2,0,39,33,6,0,40,0,7,16
52407250,0,,,176,88,88,33,20,13,141,67,74,92,47,45,140,66,74,139,66,73,49,20,29,23,8,15,11,3,8,0,0,0,3,1,2,70,70,24,19,9,9,5,2,2,46,35,11,11,34,2,8,7
52407251,0,,,129,65,64,11,6,5,118,59,59,67,35,32,116,57,59,116,57,59,51,24,27,21,8,13,6,1,5,0,0,0,6,6,0,57,57,23,17,6,6,1,3,1,34,24,10,3,34,5,10,11
52407252,0,,,196,96,100,7,5,2,189,91,98,97,47,50,180,87,93,179,87,92,92,44,48,43,21,22,17,6,11,2,0,2,0,0,0,75,75,13,29,18,8,3,4,0,61,44,17,2,53,0,9,17
52407253,0,,,77,35,42,5,3,2,72,32,40,38,19,19,72,32,40,71,32,39,34,13,21,23,8,15,9,4,5,0,0,0,0,0,0,30,30,7,9,8,3,2,1,0,23,13,10,1,23,0,5,3
52407254,0,,,267,140,127,28,18,10,239,122,117,135,69,66,231,115,116,228,113,115,104,53,51,46,17,29,24,8,16,1,0,1,4,2,2,93,93,14,33,23,10,5,5,3,77,59,18,7,67,0,10,14
52407255,0,,,250,133,117,28,14,14,222,119,103,132,71,61,214,115,99,210,114,96,90,48,42,45,22,23,14,5,9,0,0,0,7,3,4,102,102,30,37,9,15,8,2,1,71,59,12,8,58,2,16,19
52407256,0,,,67,33,34,6,4,2,61,29,32,25,14,11,59,29,30,58,28,30,36,15,21,18,6,12,9,4,5,2,1,1,0,0,0,25,25,3,12,6,1,2,0,1,22,15,7,2,22,0,3,8
52407257,0,,,130,62,68,9,6,3,121,56,65,62,29,33,119,55,64,118,55,63,59,27,32,27,12,15,8,3,5,0,0,0,0,0,0,54,54,15,19,11,5,3,0,1,38,31,7,2,38,0,9,13
52407258,0,,,132,57,75,13,4,9,119,53,66,65,29,36,114,51,63,112,50,62,54,24,30,27,11,16,3,2,1,0,0,0,2,1,1,49,49,7,19,13,5,3,1,1,39,31,8,3,34,0,4,12
52407259,0,,,228,116,112,16,10,6,212,106,106,113,63,50,207,103,104,203,101,102,99,43,56,46,18,28,22,4,18,3,0,3,1,0,1,85,85,23,18,22,12,5,5,0,62,39,23,2,64,0,18,9
52407260,1,,52407270,250,126,124,28,12,16,224,114,110,120,66,54,222,112,110,220,112,108,104,48,56,48,23,25,18,9,9,1,0,1,0,0,0,97,97,27,30,18,14,7,2,1,72,53,19,8,72,0,18,16
52407261,0,,,36,18,18,3,2,1,33,16,17,17,9,8,33,16,17,33,16,17,16,7,9,8,3,5,3,0,3,0,0,0,0,0,0,18,18,6,7,4,1,0,0,0,11,10,1,1,11,0,3,1
52407262,0,,,25,14,11,0,0,0,25,14,11,8,6,2,25,14,11,25,14,11,17,8,9,5,2,3,2,0,2,0,0,0,0,0,0,12,12,3,6,2,1,0,0,0,9,8,1,0,11,0,2,2
52407263,0,,,119,58,61,6,4,2,113,54,59,54,27,27,111,53,58,109,53,56,59,27,32,30,9,21,9,3,6,0,0,0,0,0,0,47,47,9,18,10,7,2,1,0,37,27,10,1,38,0,7,10
52407264,0,,,42,23,19,0,0,0,42,23,19,18,9,9,42,23,19,42,23,19,24,14,10,12,6,6,0,0,0,0,0,0,1,1,0,19,19,6,8,2,2,0,1,0,13,11,2,0,17,0,5,6
52407265,0,,,270,138,132,31,17,14,239,121,118,140,72,68,234,119,115,232,118,114,99,49,50,49,26,23,15,7,8,1,1,0,2,1,1,102,102,21,31,25,17,5,2,1,80,69,11,8,61,0,14,19
52407266,0,,,165,77,88,8,5,3,157,72,85,86,43,43,154,71,83,153,71,82,71,29,42,42,17,25,12,4,8,1,0,1,0,0,0,62,62,14,16,16,10,5,1,0,48,28,20,2,46,0,7,7
52407267,0,,,353,145,208,16,9,7,337,136,201,105,56,49,333,132,201,328,127,201,232,80,152,177,55,122,103,20,83,18,0,18,1,0,1,83,82,25,30,14,4,5,3,1,57,44,13,4,57,0,17,17
52407268,0,,,454,211,243,36,20,16,418,191,227,199,108,91,408,185,223,401,181,220,219,83,136,134,41,93,78,15,63,14,3,11,3,1,2,162,159,45,57,25,18,9,4,1,113,91,22,6,106,0,30,24
52407269,0,,,437,220,217,44,30,14,393,190,203,210,102,108,379,185,194,373,181,192,183,88,95,84,36,48,29,12,17,2,0,2,4,3,1,181,181,52,61,33,22,7,2,4,126,100,26,13,125,0,40,38
52407270,2,52407260,,2,0,2,*,*,*,*,*,*,*,*,*,*,*,*,*,*,*,*,*,*,*,*,*,*,*,*,*,*,*,*,*,*,2,2,*,*,*,*,*,*,*,*,*,*,*,*,*,*,*
52407272,0,,,88,44,44,6,3,3,82,41,41,42,21,21,81,41,40,78,40,38,40,20,20,20,10,10,6,3,3,0,0,0,0,0,0,30,30,4,13,2,6,3,1,1,26,19,7,2,22,0,2,10
52407273,0,,,119,57,62,9,3,6,110,54,56,54,27,27,109,53,56,108,53,55,56,27,29,26,12,14,11,6,5,0,0,0,2,1,1,50,50,15,18,5,9,2,0,1,35,25,10,1,40,0,12,11
52407274,0,,,232,95,137,4,1,3,228,94,134,77,42,35,226,94,132,225,93,132,151,52,99,107,26,81,73,13,60,17,3,14,0,0,0,67,65,16,25,13,9,2,0,0,49,36,13,1,51,0,16,12
52407275,0,,,166,79,87,19,8,11,147,71,76,93,48,45,143,68,75,141,67,74,54,23,31,32,14,18,7,1,6,0,0,0,0,0,0,59,59,8,22,16,6,2,3,2,51,39,12,8,35,0,6,8
52407276,0,,,162,80,82,16,10,6,146,70,76,83,38,45,139,66,73,136,64,72,63,32,31,29,13,16,14,4,10,1,0,1,0,0,0,56,56,12,16,11,11,0,2,4,43,30,13,6,38,0,7,11
52407277,0,,,102,44,58,3,2,1,99,42,57,41,21,20,98,41,57,97,40,57,58,21,37,39,11,28,23,6,17,2,0,2,0,0,0,38,37,14,10,7,3,1,2,0,23,16,7,0,26,0,9,3
52407278,0,,,161,76,85,9,4,5,152,72,80,75,37,38,149,70,79,145,69,76,77,35,42,38,13,25,15,3,12,4,1,3,1,0,1,65,65,26,12,12,7,4,1,3,39,23,16,3,52,0,20,7
52407279,0,,,376,173,203,31,16,15,345,157,188,150,83,67,343,156,187,337,152,185,195,74,121,137,48,89,80,18,62,13,0,13,0,0,0,126,125,36,42,21,18,5,3,0,89,75,14,11,77,1,21,24
52407280,2,52407281,,10,6,4,*,*,*,*,*,*,*,*,*,*,*,*,*,*,*,*,*,*,*,*,*,*,*,*,*,*,*,*,*,*,3,3,*,*,*,*,*,*,*,*,*,*,*,*,*,*,*
52407281,1,,52407280,4,2,2,0,0,0,14,8,6,7,4,3,14,8,6,14,8,6,7,4,3,4,2,2,2,1,1,0,0,0,0,0,0,2,2,0,3,1,0,1,0,0,5,3,2,0,3,0,0,1
52407283,0,,,21,10,11,1,0,1,20,10,10,14,8,6,19,9,10,19,9,10,6,2,4,5,2,3,0,0,0,0,0,0,0,0,0,6,6,0,2,1,1,2,0,0,6,3,3,0,4,0,0,0
52407284,0,,,101,53,48,11,6,5,90,47,43,50,28,22,87,45,42,86,44,42,40,19,21,26,14,12,5,2,3,2,1,1,0,0,0,33,33,6,9,7,5,2,2,2,27,18,9,0,25,0,2,5
52407285,0,,,187,89,98,16,7,9,171,82,89,86,39,47,163,78,85,159,76,83,85,43,42,39,21,18,14,6,8,0,0,0,2,0,2,73,73,19,24,15,8,1,4,2,54,37,17,3,56,0,16,16
52407286,0,,,113,64,49,8,5,3,105,59,46,53,33,20,102,57,45,99,55,44,52,26,26,25,10,15,6,2,4,0,0,0,0,0,0,46,46,7,23,7,6,3,0,0,38,32,6,1,36,0,6,7
52407287,0,,,127,67,60,4,3,1,123,64,59,82,50,32,123,64,59,121,63,58,41,14,27,21,6,15,11,3,8,2,0,2,2,0,2,36,35,6,15,9,4,0,1,0,29,23,6,0,28,0,6,8
52407288,0,,,92,49,43,7,4,3,85,45,40,45,28,17,84,44,40,82,43,39,40,17,23,22,6,16,6,0,6,0,0,0,0,0,0,35,35,8,15,3,3,4,1,1,26,20,6,2,25,0,5,8
52407289,0,,,881,441,440,73,35,38,808,406,402,416,217,199,792,397,395,781,390,391,392,189,203,225,109,116,60,28,32,4,2,2,5,0,5,374,373,93,147,76,34,14,6,3,277,242,35,20,254,0,72,79
52407291,0,,,90,45,45,13,5,8,77,40,37,48,27,21,76,40,36,74,38,36,29,13,16,16,7,9,3,1,2,1,0,1,0,0,0,33,33,9,9,5,4,4,2,0,24,16,8,4,21,0,5,3
52407292,0,,,73,33,40,1,0,1,72,33,39,32,14,18,71,32,39,71,32,39,40,19,21,23,9,14,9,3,6,0,0,0,0,0,0,26,26,3,10,8,1,2,2,0,22,14,8,0,25,0,3,6
52407293,0,,,29,15,14,2,1,1,27,14,13,13,8,5,26,14,12,26,14,12,14,6,8,7,4,3,1,0,1,0,0,0,0,0,0,12,12,3,5,2,1,0,1,0,9,7,2,0,9,0,3,2
52407294,0,,,90,45,45,4,3,1,86,42,44,55,30,25,83,42,41,80,41,39,31,12,19,19,6,13,10,4,6,1,0,1,2,2,0,31,31,9,6,3,7,4,2,0,21,10,11,1,20,1,3,1
52407295,0,,,109,58,51,8,3,5,101,55,46,54,31,23,101,55,46,100,55,45,47,24,23,11,4,7,4,1,3,0,0,0,0,0,0,41,41,9,10,13,6,2,0,1,32,25,7,3,27,0,1,3
52407296,0,,,91,46,45,8,4,4,83,42,41,40,21,19,83,42,41,82,41,41,43,21,22,19,5,14,5,2,3,1,0,1,0,0,0,35,35,8,14,3,5,4,1,0,27,19,8,2,29,0,6,10
52407297,0,,,116,54,62,9,5,4,107,49,58,53,27,26,102,48,54,102,48,54,54,22,32,29,10,19,7,1,6,1,0,1,0,0,0,46,46,7,21,10,4,3,1,0,39,28,11,2,34,0,5,9
52407298,0,,,120,62,58,11,6,5,109,56,53,56,33,23,107,54,53,105,53,52,53,23,30,31,13,18,10,3,7,1,0,1,0,0,0,48,48,17,12,8,5,3,1,2,31,22,9,3,38,0,12,6
52407299,0,,,188,92,96,20,14,6,168,78,90,89,41,48,165,77,88,163,76,87,79,37,42,36,15,21,10,1,9,0,0,0,1,0,1,80,80,25,28,13,6,6,1,1,53,43,10,3,53,0,15,17
52407300,0,,,780,372,408,120,59,61,660,313,347,464,224,240,633,300,333,623,294,329,196,89,107,94,44,50,27,11,16,3,3,0,11,7,4,333,333,113,100,49,46,16,8,1,219,194,25,28,132,13,39,39
52407301,0,,,1893,910,983,159,87,72,1734,823,911,1015,512,503,1683,799,884,1651,783,868,719,311,408,411,167,244,136,43,93,13,4,9,67,26,41,817,813,279,256,141,78,38,14,7,527,436,91,35,486,30,152,124
52407302,0,,,543,264,279,37,25,12,506,239,267,276,137,139,492,232,260,485,228,257,230,102,128,120,52,68,29,11,18,3,1,2,20,10,10,238,237,93,69,34,17,13,7,4,143,105,38,10,154,6,49,43
52407310,0,,,940,462,478,116,62,54,824,400,424,492,251,241,794,384,410,777,372,405,332,149,183,143,56,87,39,10,29,3,1,2,9,6,3,375,372,95,138,71,37,21,7,3,276,222,54,25,227,10,56,63
52407311,0,,,845,407,438,78,38,40,767,369,398,432,216,216,748,360,388,733,353,380,335,153,182,172,75,97,45,15,30,3,0,3,18,1,17,386,386,142,126,59,31,21,4,3,240,199,41,20,227,16,72,67
52407320,0,,,109,53,56,16,11,5,93,42,51,53,25,28,89,42,47,88,42,46,40,17,23,18,7,11,5,1,4,0,0,0,0,0,0,39,39,6,13,13,1,3,2,1,33,25,8,5,27,0,6,7
52407321,0,,,519,264,255,44,22,22,475,242,233,268,150,118,466,238,228,460,234,226,207,92,115,97,43,54,24,11,13,0,0,0,10,7,3,206,206,54,68,41,23,9,9,2,152,123,29,11,133,8,30,40
52407330,0,,,110,57,53,2,2,0,108,55,53,51,28,23,107,54,53,107,54,53,57,27,30,28,15,13,6,4,2,1,1,0,1,0,1,45,45,12,17,7,6,1,1,1,33,25,8,0,38,0,9,8
52407331,0,,,1043,502,541,101,59,42,942,443,499,435,227,208,925,433,492,909,424,485,507,216,291,311,121,190,135,35,100,19,2,17,8,5,3,411,408,127,149,65,46,14,4,3,276,235,41,21,258,3,78,89
52407332,0,,,30,16,14,3,2,1,27,14,13,12,7,5,27,14,13,27,14,13,15,7,8,8,4,4,1,1,0,0,0,0,0,0,0,13,13,2,6,4,1,0,0,0,11,11,0,1,10,0,2,3
52407340,0,,,297,148,149,10,3,7,287,145,142,135,76,59,285,144,141,281,142,139,152,69,83,66,24,42,23,5,18,0,0,0,3,1,2,153,153,61,56,24,8,4,0,0,89,76,13,2,108,1,43,29
52407341,0,,,759,391,368,55,26,29,704,365,339,376,203,173,681,352,329,668,343,325,328,162,166,175,86,89,46,17,29,1,0,1,2,1,1,342,342,115,121,59,26,9,9,3,224,187,37,13,232,1,75,65
52407342,0,,,134,63,71,14,7,7,120,56,64,60,30,30,117,55,62,114,54,60,60,26,34,30,16,14,6,3,3,0,0,0,0,0,0,56,56,19,14,10,10,2,0,1,37,32,5,3,39,0,14,11
52407350,0,,,796,375,421,78,48,30,717,326,391,371,170,201,703,322,381,693,319,374,346,156,190,207,89,118,58,19,39,2,0,2,4,2,2,345,345,103,126,60,35,14,3,4,239,199,40,19,237,3,74,73
52407351,0,,,1098,526,572,108,52,56,990,474,516,538,281,257,963,457,506,946,446,500,452,193,259,251,102,149,89,32,57,3,0,3,6,2,4,485,485,153,162,93,50,20,7,0,325,265,60,21,308,6,95,84
52407352,0,,,86,51,35,7,4,3,79,47,32,42,26,16,74,43,31,72,41,31,37,21,16,17,9,8,5,2,3,0,0,0,0,0,0,41,41,16,14,6,3,1,0,1,25,22,3,1,26,1,11,9
52407360,0,,,478,241,237,45,25,20,433,216,217,238,121,117,421,205,216,414,201,213,195,95,100,87,42,45,27,15,12,1,1,0,11,4,7,208,208,66,70,38,19,10,3,2,139,116,23,9,129,6,38,39
52407361,0,,,214,104,110,29,18,11,185,86,99,111,51,60,183,86,97,182,86,96,74,35,39,41,19,22,8,4,4,0,0,0,7,2,5,87,86,25,27,21,6,3,3,1,58,43,15,10,52,0,17,11
52407362,0,,,387,203,184,45,22,23,342,181,161,222,119,103,329,173,156,323,168,155,120,62,58,55,31,24,9,6,3,0,0,0,7,2,5,175,175,57,64,26,21,4,2,1,115,108,7,14,81,4,21,26
52407363,0,,,27,12,15,1,0,1,26,12,14,16,7,9,26,12,14,26,12,14,10,5,5,4,2,2,0,0,0,0,0,0,0,0,0,15,15,5,8,2,0,0,0,0,10,10,0,1,6,1,1,3
52407370,0,,,571,272,299,42,22,20,529,250,279,288,139,149,510,241,269,503,237,266,241,111,130,120,54,66,36,10,26,1,1,0,7,3,4,248,247,75,88,42,29,6,6,1,169,142,27,13,166,1,56,46
52407371,0,,,448,229,219,47,27,20,401,202,199,255,130,125,392,197,195,383,194,189,146,72,74,81,40,41,19,8,11,1,0,1,12,3,9,196,195,64,62,39,22,2,5,1,130,117,13,10,92,4,24,27
52407372,0,,,431,223,208,55,30,25,376,193,183,217,112,105,369,189,180,363,184,179,159,81,78,61,25,36,15,7,8,0,0,0,8,2,6,196,196,72,61,32,19,8,3,1,121,106,15,17,111,3,39,30
52407380,0,,,1023,486,537,131,60,71,892,426,466,568,278,290,873,422,451,852,408,444,324,148,176,169,72,97,52,21,31,4,1,3,8,2,6,428,428,138,115,85,61,21,5,3,283,237,46,40,232,7,85,51
52407381,0,,,377,193,184,46,28,18,331,165,166,207,104,103,323,161,162,318,158,160,124,61,63,73,34,39,18,7,11,2,0,2,4,0,4,135,135,26,43,26,20,14,5,1,108,82,26,12,80,2,12,28
52407382,0,,,346,184,162,20,9,11,326,175,151,193,108,85,322,172,150,320,171,149,133,67,66,64,27,37,15,6,9,0,0,0,6,1,5,178,178,81,58,16,14,9,0,0,96,79,17,5,93,5,33,27
52407390,0,,,161,80,81,17,10,7,144,70,74,75,32,43,144,70,74,144,70,74,69,38,31,38,20,18,12,5,7,1,0,1,5,0,5,72,72,23,27,11,6,3,2,0,47,38,9,3,45,0,13,13
52407391,0,,,317,163,154,34,23,11,283,140,143,160,85,75,277,137,140,274,134,140,123,55,68,64,25,39,29,11,18,1,0,1,3,2,1,120,120,26,38,29,15,6,4,2,92,71,21,10,75,2,18,21
52407392,0,,,144,39,105,1,1,0,143,38,105,19,11,8,142,37,105,142,37,105,124,27,97,111,23,88,89,18,71,13,1,12,0,0,0,16,14,7,2,4,1,0,0,0,7,5,2,0,6,1,1,1
